351.277639634 42.367973157
937.038227727 608.448891788
204.321578496 569.223526207
406.781907299 246.749051705
138.729149234 161.92757584
619.789753384 885.589082252
440.82390624 414.261275466
780.456219822 435.208846645
566.473033729 336.36274589
140.2982059 813.88796384
618.494803102 927.745082809
628.147801228 867.970116249
380.064778678 388.579385596
601.049645076 788.722317649
295.504350576 915.535606909
448.625269196 822.364511943
950.50659023 674.231072212
367.804738098 455.322011796
235.984158395 515.987490333
80.1173714409 841.388632875
576.434188087 268.8160218
765.623164155 421.810570205
736.384351885 988.597206832
675.783965167 780.620176459
368.609113017 325.076409821
332.587259158 541.308301821
839.045441999 899.342981616
506.852491685 29.8945518629
312.597543793 28.1306657011
465.745977871 608.930201411
305.828540034 321.686757187
4.4453064831 163.52048665
986.238635736 35.507445428
629.476766992 886.616489371
544.641424844 511.264547423
533.42436598 737.501042872
223.460404763 727.807694029
338.190258922 411.718852741
936.446371887 168.985760356
730.965215586 673.207734229
636.114384541 192.85968975
458.432135177 707.955706146
706.183731642 577.27466623
597.231236493 833.927105187
457.453624559 327.695368242
465.280059483 371.03753539
297.911417579 632.196511749
3.42642437289 909.258368104
800.290630289 901.155323403
303.207598536 790.49040048
253.765003558 745.837801917
231.006875199 913.804805044
545.921799313 741.790155579
900.642303076 485.398817026
390.234200586 352.444741744
827.016726976 880.807181383
10.9596675993 532.011533642
254.052506284 57.6868584867
167.015417202 919.719422051
66.8410960246 439.790727933
24.1604121313 566.11621221
495.147499206 407.588956678
601.502175776 12.6349073091
981.660662371 165.457886621
266.624700454 211.088374474
591.947297948 461.241248445
508.12697208 164.330493984
455.397148791 397.368417796
355.563124804 701.562713954
329.879984497 115.148833908
538.890164718 694.811856993
233.837586799 629.96324186
980.379929011 600.21018945
197.27839658 315.612242637
354.679617687 379.897317151
429.603270925 562.468014325
403.530065188 618.607306204
925.228246634 207.278306881
874.196395501 466.920722087
798.251582503 596.058988054
365.899795752 915.809033924
456.645930662 990.600985163
603.239248132 764.386078562
316.877729064 68.8566091669
999.337548436 700.295558037
19.0958599797 401.552534915
207.244276193 566.677172949
587.780816191 690.538161997
583.023891777 885.924436738
129.978524649 559.276678
952.561761454 168.931987484
568.082253407 66.2681326813
280.857558284 721.601150642
941.903839925 434.813821623
420.753873088 806.066432586
321.646002218 375.192519389
594.90340237 912.50305825
591.457403221 170.001973639
95.9313227708 49.9526568139
688.709225622 92.5495247937
146.67543059 165.385205418
276.303793665 653.151977639
343.069024742 965.806472588
501.839336115 497.263233973
880.222937005 207.218119867
93.1542992217 697.990550972
797.102762983 516.359302143
142.760834876 804.912875598
459.153860417 489.032999798
3.8351880512 310.812947698
420.467905824 831.376359366
8.48199627399 957.332820004
802.080409043 246.71398253
419.019246345 530.868680085
829.413221664 418.358468177
255.990496422 246.684982948
474.594950607 268.217239542
744.966116065 390.413616094
841.928905425 321.209333685
991.873614769 641.886472512
425.475985238 797.242724953
916.303675803 636.954926204
327.823109101 705.482997553
948.953498949 568.310835468
640.996599753 367.633024829
146.297720049 132.16436307
210.857718766 468.463507284
884.868573089 273.612571461
437.341162765 307.869710927
149.042088918 80.5001961986
172.224145553 97.0581156038
169.156084302 561.240964952
484.123655391 792.766871371
881.86140686 875.773751914
1.51918055201 370.061791665
998.188291678 439.091917227
529.435179214 848.584192761
596.816416487 405.776464578
14.6610028244 222.405060787
864.725999265 480.241045417
732.563058312 206.496302105
726.13002903 991.379801859
751.379458623 707.482197275
961.551159834 902.067274163
888.182899134 600.801265347
58.1917212544 348.463778222
669.584710818 316.314646592
423.309507036 949.869637318
956.935591985 123.235498484
383.63808369 919.658950914
894.773363414 701.673171307
909.340834869 768.482821196
212.233719196 93.1511158164
328.3160529 522.475404476
124.758170187 527.227000209
238.045310806 251.580833984
203.500384185 484.512033627
163.852337698 864.518382422
243.622063492 924.681691033
530.450722527 858.754940202
71.0205693062 3.50770551374
357.431872481 103.01501986
298.06724045 58.9793399009
198.675305943 783.132318265
670.235713538 374.699232931
312.783815577 879.148240746
356.124273707 207.144611683
572.287068962 795.875641213
947.90766124 980.577964564
717.895413509 737.819700848
525.353188202 564.267167429
378.289102561 395.958337331
497.824623496 689.36025328
151.026848994 191.478629875
22.4721464161 700.999561272
429.847890796 369.820218967
575.192623297 659.300871429
345.118420328 180.522594382
773.015133443 458.900212529
143.888194776 244.429553692
283.215625496 325.932243428
955.290429152 566.398341061
153.486837267 584.421401164
295.028076224 952.698424523
155.738727782 260.451374588
379.399143955 551.18132863
786.214523207 755.313264445
841.813585803 997.510901044
634.322352631 535.052098541
761.513251277 553.142187894
802.278124459 646.687967144
613.557272429 604.372353836
215.69197261 195.446495302
497.122264023 510.608664628
21.0895806201 800.054642215
47.1181195607 638.190145918
900.980066601 747.632991258
522.495095118 362.425050475
578.680149328 508.619927153
804.825056146 414.764867282
