100
0 0 0
0 1 689
0 2 601
0 3 169
0 4 752
0 5 141
0 6 621
0 7 663
0 8 298
0 9 637
0 10 534
0 11 710
0 12 706
0 13 184
0 14 598
0 15 581
0 16 522
0 17 245
0 18 587
0 19 430
0 20 741
0 21 133
0 22 240
0 23 362
0 24 259
0 25 316
0 26 383
0 27 593
0 28 170
0 29 713
0 30 307
0 31 196
0 32 298
0 33 285
0 34 849
0 35 681
0 36 388
0 37 355
0 38 490
0 39 282
0 40 844
0 41 486
0 42 391
0 43 287
0 44 716
0 45 264
0 46 660
0 47 496
0 48 570
0 49 242
0 50 195
0 51 176
0 52 686
0 53 513
0 54 378
0 55 220
0 56 153
0 57 693
0 58 541
0 59 541
0 60 665
0 61 598
0 62 900
0 63 629
0 64 645
0 65 834
0 66 560
0 67 578
0 68 742
0 69 234
0 70 237
0 71 895
0 72 340
0 73 622
0 74 247
0 75 68
0 76 564
0 77 622
0 78 303
0 79 637
0 80 151
0 81 217
0 82 185
0 83 419
0 84 750
0 85 492
0 86 409
0 87 123
0 88 709
0 89 146
0 90 159
0 91 212
0 92 611
0 93 232
0 94 664
0 95 516
0 96 548
0 97 915
0 98 677
0 99 282
1 0 689
1 1 0
1 2 89
1 3 856
1 4 544
1 5 804
1 6 522
1 7 541
1 8 912
1 9 415
1 10 271
1 11 789
1 12 774
1 13 511
1 14 1072
1 15 766
1 16 941
1 17 796
1 18 461
1 19 272
1 20 117
1 21 786
1 22 550
1 23 728
1 24 606
1 25 375
1 26 395
1 27 852
1 28 521
1 29 1117
1 30 427
1 31 843
1 32 926
1 33 458
1 34 658
1 35 330
1 36 576
1 37 647
1 38 1063
1 39 842
1 40 747
1 41 785
1 42 484
1 43 472
1 44 1010
1 45 648
1 46 674
1 47 278
1 48 943
1 49 744
1 50 564
1 51 829
1 52 12
1 53 187
1 54 807
1 55 484
1 56 831
1 57 898
1 58 996
1 59 984
1 60 897
1 61 1023
1 62 619
1 63 390
1 64 694
1 65 811
1 66 186
1 67 434
1 68 899
1 69 562
1 70 927
1 71 706
1 72 905
1 73 775
1 74 622
1 75 755
1 76 429
1 77 739
1 78 514
1 79 1122
1 80 780
1 81 486
1 82 504
1 83 325
1 84 882
1 85 559
1 86 475
1 87 795
1 88 693
1 89 752
1 90 846
1 91 493
1 92 1135
1 93 825
1 94 77
1 95 1069
1 96 175
1 97 711
1 98 962
1 99 882
2 0 601
2 1 89
2 2 0
2 3 767
2 4 539
2 5 715
2 6 495
2 7 520
2 8 824
2 9 398
2 10 228
2 11 755
2 12 741
2 13 422
2 14 1004
2 15 718
2 16 875
2 17 708
2 18 431
2 19 184
2 20 163
2 21 700
2 22 462
2 23 659
2 24 520
2 25 289
2 26 326
2 27 799
2 28 434
2 29 1056
2 30 348
2 31 754
2 32 838
2 33 370
2 34 658
2 35 330
2 36 513
2 37 580
2 38 986
2 39 762
2 40 736
2 41 725
2 42 421
2 43 395
2 44 959
2 45 562
2 46 642
2 47 224
2 48 882
2 49 657
2 50 476
2 51 744
2 52 84
2 53 113
2 54 737
2 55 399
2 56 742
2 57 853
2 58 928
2 59 917
2 60 849
2 61 959
2 62 633
2 63 373
2 64 659
2 65 793
2 66 121
2 67 403
2 68 860
2 69 484
2 70 839
2 71 708
2 72 827
2 73 731
2 74 546
2 75 667
2 76 396
2 77 698
2 78 441
2 79 1054
2 80 696
2 81 400
2 82 416
2 83 242
2 84 846
2 85 510
2 86 415
2 87 709
2 88 667
2 89 663
2 90 757
2 91 408
2 92 1063
2 93 736
2 94 83
2 95 994
2 96 100
2 97 716
2 98 911
2 99 794
3 0 169
3 1 856
3 2 767
3 3 0
3 4 897
3 5 80
3 6 764
3 7 805
3 8 197
3 9 793
3 10 701
3 11 812
3 12 811
3 13 346
3 14 587
3 15 675
3 16 547
3 17 224
3 18 738
3 19 592
3 20 902
3 21 149
3 22 362
3 23 447
3 24 352
3 25 484
3 26 547
3 27 664
3 28 339
3 29 719
3 30 473
3 31 106
3 32 184
3 33 430
3 34 987
3 35 844
3 36 519
3 37 468
3 38 440
3 39 296
3 40 967
3 41 564
3 42 541
3 43 449
3 44 760
3 45 337
3 46 780
3 47 664
3 48 606
3 49 260
3 50 324
3 51 152
3 52 852
3 53 682
3 54 432
3 55 388
3 56 42
3 57 766
3 58 547
3 59 552
3 60 734
3 61 609
3 62 1046
3 63 787
3 64 761
3 65 945
3 66 718
3 67 731
3 68 822
3 69 382
3 70 76
3 71 1030
3 72 328
3 73 718
3 74 373
3 75 101
3 76 718
3 77 726
3 78 454
3 79 615
3 80 181
3 81 385
3 82 351
3 83 572
3 84 835
3 85 627
3 86 560
3 87 116
3 88 830
3 89 158
3 90 10
3 91 380
3 92 574
3 93 183
3 94 827
3 95 473
3 96 709
3 97 1050
3 98 729
3 99 200
4 0 752
4 1 544
4 2 539
4 3 897
4 4 0
4 5 892
4 6 134
4 7 95
4 8 1049
4 9 149
4 10 334
4 11 313
4 12 297
4 13 669
4 14 769
4 15 377
4 16 639
4 17 974
4 18 167
4 19 601
4 20 661
4 21 760
4 22 789
4 23 512
4 24 856
4 25 545
4 26 397
4 27 470
4 28 623
4 29 748
4 30 475
4 31 948
4 32 1050
4 33 718
4 34 121
4 35 214
4 36 382
4 37 450
4 38 850
4 39 702
4 40 204
4 41 471
4 42 361
4 43 473
4 44 594
4 45 893
4 46 213
4 47 362
4 48 605
4 49 945
4 50 769
4 51 784
4 52 555
4 53 469
4 54 583
4 55 564
4 56 898
4 57 460
4 58 701
4 59 685
4 60 477
4 61 696
4 62 149
4 63 171
4 64 247
4 65 279
4 66 644
4 67 184
4 68 431
4 69 518
4 70 939
4 71 173
4 72 740
4 73 356
4 74 526
4 75 813
4 76 198
4 77 316
4 78 448
4 79 816
4 80 735
4 81 567
4 82 645
4 83 678
4 84 405
4 85 277
4 86 342
4 87 788
4 88 199
4 89 885
4 90 891
4 91 568
4 92 857
4 93 976
4 94 606
4 95 836
4 96 615
4 97 185
4 98 555
4 99 1030
5 0 141
5 1 804
5 2 715
5 3 80
5 4 892
5 5 0
5 6 761
5 7 803
5 8 161
5 9 778
5 10 669
5 11 835
5 12 832
5 13 293
5 14 652
5 15 702
5 16 601
5 17 151
5 18 728
5 19 536
5 20 843
5 21 187
5 22 289
5 23 475
5 24 274
5 25 440
5 26 522
5 27 702
5 28 300
5 29 780
5 30 445
5 31 56
5 32 158
5 33 364
5 34 988
5 35 820
5 36 524
5 37 483
5 38 513
5 39 348
5 40 978
5 41 597
5 42 531
5 43 428
5 44 808
5 45 257
5 46 793
5 47 631
5 48 657
5 49 181
5 50 255
5 51 207
5 52 799
5 53 636
5 54 473
5 55 355
5 56 38
5 57 803
5 58 607
5 59 610
5 60 773
5 61 668
5 62 1041
5 63 770
5 64 776
5 65 964
5 66 657
5 67 719
5 68 856
5 69 374
5 70 153
5 71 1034
5 72 390
5 73 744
5 74 379
5 75 82
5 76 705
5 77 748
5 78 444
5 79 683
5 80 218
5 81 352
5 82 304
5 83 508
5 84 867
5 85 630
5 86 550
5 87 155
5 88 842
5 89 77
5 90 72
5 91 347
5 92 645
5 93 117
5 94 770
5 95 545
5 96 650
5 97 1053
5 98 774
5 99 151
6 0 621
6 1 522
6 2 495
6 3 764
6 4 134
6 5 761
6 6 0
6 7 42
6 8 919
6 9 116
6 10 269
6 11 268
6 12 253
6 13 551
6 14 663
6 15 282
6 16 529
6 17 848
6 18 65
6 19 518
6 20 639
6 21 626
6 22 675
6 23 383
6 24 741
6 25 439
6 26 284
6 27 378
6 28 500
6 29 660
6 30 358
6 31 817
6 32 920
6 33 611
6 34 230
6 35 220
6 36 248
6 37 318
6 38 729
6 39 570
6 40 259
6 41 357
6 42 232
6 43 349
6 44 521
6 45 776
6 46 152
6 47 286
6 48 504
6 49 822
6 50 651
6 51 650
6 52 532
6 53 405
6 54 457
6 55 442
6 56 765
6 57 394
6 58 592
6 59 576
6 60 402
6 61 594
6 62 282
6 63 137
6 64 176
6 65 300
6 66 584
6 67 92
6 68 383
6 69 387
6 70 805
6 71 279
6 72 611
6 73 275
6 74 392
6 75 681
6 76 101
6 77 235
6 78 318
6 79 712
6 80 601
6 81 445
6 82 525
6 83 592
6 84 363
6 85 144
6 86 215
6 87 654
6 88 171
6 89 757
6 90 757
6 91 445
6 92 747
6 93 848
6 94 572
6 95 718
6 96 555
6 97 297
6 98 477
6 99 901
7 0 663
7 1 541
7 2 520
7 3 805
7 4 95
7 5 803
7 6 42
7 7 0
7 8 961
7 9 126
7 10 297
7 11 260
7 12 245
7 13 592
7 14 683
7 15 296
7 16 551
7 17 890
7 18 98
7 19 553
7 20 658
7 21 666
7 22 717
7 23 416
7 24 783
7 25 478
7 26 325
7 27 391
7 28 542
7 29 673
7 30 400
7 31 859
7 32 961
7 33 651
7 34 188
7 35 225
7 36 288
7 37 355
7 38 757
7 39 606
7 40 224
7 41 381
7 42 274
7 43 392
7 44 527
7 45 818
7 46 147
7 47 318
7 48 521
7 49 864
7 50 693
7 51 689
7 52 550
7 53 434
7 54 488
7 55 484
7 56 807
7 57 396
7 58 614
7 59 597
7 60 408
7 61 613
7 62 242
7 63 150
7 64 176
7 65 272
7 66 613
7 67 123
7 68 378
7 69 429
7 70 845
7 71 237
7 72 644
7 73 282
7 74 432
7 75 723
7 76 135
7 77 241
7 78 361
7 79 731
7 80 640
7 81 488
7 82 567
7 83 628
7 84 356
7 85 181
7 86 257
7 87 695
7 88 154
7 89 800
7 90 799
7 91 488
7 92 770
7 93 890
7 94 594
7 95 745
7 96 584
7 97 255
7 98 484
7 99 943
8 0 298
8 1 912
8 2 824
8 3 197
8 4 1049
8 5 161
8 6 919
8 7 961
8 8 0
8 9 930
8 10 809
8 11 996
8 12 994
8 13 417
8 14 780
8 15 862
8 16 744
8 17 123
8 18 884
8 19 640
8 20 935
8 21 340
8 22 366
8 23 635
8 24 321
8 25 569
8 26 670
8 27 858
8 28 440
8 29 913
8 30 590
8 31 105
8 32 24
8 33 455
8 34 1147
8 35 965
8 36 685
8 37 645
8 38 623
8 39 493
8 40 1140
8 41 755
8 42 688
8 43 579
8 44 957
8 45 286
8 46 954
8 47 770
8 48 803
8 49 181
8 50 348
8 51 349
8 52 906
8 53 759
8 54 626
8 55 498
8 56 171
8 57 960
8 58 743
8 59 748
8 60 928
8 61 805
8 62 1197
8 63 920
8 64 938
8 65 1125
8 66 749
8 67 873
8 68 1014
8 69 532
8 70 227
8 71 1193
8 72 524
8 73 904
8 74 541
8 75 243
8 76 859
8 77 909
8 78 601
8 79 804
8 80 372
8 81 495
8 82 434
8 83 596
8 84 1026
8 85 790
8 86 706
8 87 307
8 88 1004
8 89 169
8 90 196
8 91 492
8 92 759
8 93 87
8 94 868
8 95 658
8 96 747
8 97 1213
8 98 925
8 99 33
9 0 637
9 1 415
9 2 398
9 3 793
9 4 149
9 5 778
9 6 116
9 7 126
9 8 930
9 9 0
9 10 185
9 11 383
9 12 367
9 13 535
9 14 764
9 15 394
9 16 629
9 17 847
9 18 74
9 19 451
9 20 532
9 21 666
9 22 649
9 23 460
9 24 717
9 25 402
9 26 263
9 27 489
9 28 494
9 29 771
9 30 343
9 31 833
9 32 934
9 33 574
9 34 270
9 35 105
9 36 306
9 37 384
9 38 814
9 39 636
9 40 338
9 41 457
9 42 254
9 43 351
9 44 636
9 45 755
9 46 267
9 47 213
9 48 609
9 49 814
9 50 632
9 51 696
9 52 424
9 53 320
9 54 539
9 55 435
9 56 788
9 57 510
9 58 691
9 59 675
9 60 517
9 61 699
9 62 279
9 63 24
9 64 293
9 65 397
9 66 497
9 67 65
9 68 499
9 69 412
9 70 842
9 71 323
9 72 684
9 73 390
9 74 434
9 75 702
9 76 76
9 77 350
9 78 339
9 79 814
9 80 644
9 81 438
9 82 511
9 83 529
9 84 478
9 85 221
9 86 235
9 87 691
9 88 280
9 89 763
9 90 785
9 91 440
9 92 845
9 93 853
9 94 470
9 95 807
9 96 468
9 97 334
9 98 591
9 99 909
10 0 534
10 1 271
10 2 228
10 3 701
10 4 334
10 5 669
10 6 269
10 7 297
10 8 809
10 9 185
10 10 0
10 11 527
10 12 513
10 13 394
10 14 812
10 15 495
10 16 678
10 17 712
10 18 204
10 19 268
10 20 382
10 21 596
10 22 492
10 23 473
10 24 559
10 25 246
10 26 160
10 27 581
10 28 370
10 29 848
10 30 227
10 31 719
10 32 816
10 33 409
10 34 455
10 35 164
10 36 314
10 37 390
10 38 822
10 39 613
10 40 519
10 41 517
10 42 225
10 43 258
10 44 739
10 45 600
10 46 414
10 47 39
10 48 676
10 49 672
10 50 483
10 51 634
10 52 277
10 53 136
10 54 554
10 55 314
10 56 687
10 57 628
10 58 735
10 59 723
10 60 626
10 61 758
10 62 454
10 63 162
10 64 430
10 65 569
10 66 316
10 67 177
10 68 632
10 69 343
10 70 761
10 71 507
10 72 672
10 73 505
10 74 391
10 75 602
10 76 168
10 77 471
10 78 279
10 79 862
10 80 582
10 81 317
10 82 375
10 83 347
10 84 617
10 85 288
10 86 213
10 87 614
10 88 440
10 89 639
10 90 692
10 91 322
10 92 880
10 93 726
10 94 308
10 95 823
10 96 286
10 97 519
10 98 691
10 99 784
11 0 710
11 1 789
11 2 755
11 3 812
11 4 313
11 5 835
11 6 268
11 7 260
11 8 996
11 9 383
11 10 527
11 11 0
11 12 15
11 13 706
11 14 499
11 15 139
11 16 387
11 17 954
11 18 328
11 19 746
11 20 905
11 21 662
11 22 838
11 23 365
11 24 897
11 25 636
11 26 486
11 27 197
11 28 644
11 29 449
11 30 537
11 31 891
11 32 990
11 33 795
11 34 295
11 35 485
11 36 340
11 37 354
11 38 621
11 39 545
11 40 203
11 41 260
11 42 395
11 43 507
11 44 286
11 45 925
11 46 116
11 47 535
11 48 335
11 49 944
11 50 804
11 51 669
11 52 798
11 53 656
11 54 401
11 55 597
11 56 827
11 57 151
11 58 444
11 59 427
11 60 176
11 61 421
11 62 398
11 63 405
11 64 96
11 65 141
11 66 833
11 67 355
11 68 119
11 69 496
11 70 829
11 71 307
11 72 558
11 73 96
11 74 463
11 75 753
11 76 360
11 77 88
11 78 453
11 79 540
11 80 631
11 81 600
11 82 680
11 83 812
11 84 95
11 85 268
11 86 387
11 87 695
11 88 114
11 89 856
11 90 808
11 91 596
11 92 592
11 93 941
11 94 835
11 95 598
11 96 803
11 97 328
11 98 252
11 99 986
12 0 706
12 1 774
12 2 741
12 3 811
12 4 297
12 5 832
12 6 253
12 7 245
12 8 994
12 9 367
12 10 513
12 11 15
12 12 0
12 13 699
12 14 509
12 15 142
12 16 396
12 17 950
12 18 313
12 19 735
12 20 890
12 21 661
12 22 831
12 23 365
12 24 890
12 25 626
12 26 475
12 27 206
12 28 637
12 29 463
12 30 528
12 31 889
12 32 988
12 33 786
12 34 282
12 35 470
12 36 332
12 37 350
12 38 629
12 39 547
12 40 193
12 41 263
12 42 385
12 43 498
12 44 301
12 45 918
12 46 100
12 47 522
12 48 345
12 49 939
12 50 797
12 51 669
12 52 783
12 53 642
12 54 403
12 55 589
12 56 825
12 57 165
12 58 453
12 59 436
12 60 189
12 61 432
12 62 384
12 63 390
12 64 83
12 65 137
12 66 820
12 67 340
12 68 134
12 69 490
12 70 829
12 71 296
12 72 562
12 73 100
12 74 459
12 75 751
12 76 346
12 77 85
12 78 445
12 79 551
12 80 630
12 81 592
12 82 672
12 83 801
12 84 111
12 85 257
12 86 377
12 87 694
12 88 98
12 89 852
12 90 807
12 91 589
12 92 602
12 93 938
12 94 821
12 95 606
12 96 790
12 97 317
12 98 266
12 99 983
13 0 184
13 1 511
13 2 422
13 3 346
13 4 669
13 5 293
13 6 551
13 7 592
13 8 417
13 9 535
13 10 394
13 11 706
13 12 699
13 13 0
13 14 721
13 15 599
13 16 620
13 17 317
13 18 502
13 19 247
13 20 557
13 21 303
13 22 132
13 23 417
13 24 193
13 25 151
13 26 272
13 27 638
13 28 64
13 29 817
13 30 193
13 31 336
13 32 427
13 33 118
13 34 780
13 35 555
13 36 366
13 37 373
13 38 643
13 39 418
13 40 800
13 41 534
13 42 325
13 43 205
13 44 783
13 45 225
13 46 630
13 47 355
13 48 655
13 49 279
13 50 101
13 51 349
13 52 507
13 53 344
13 54 465
13 55 110
13 56 320
13 57 729
13 58 653
13 59 649
13 60 708
13 61 703
13 62 812
13 63 521
13 64 624
13 65 810
13 66 375
13 67 485
13 68 766
13 69 217
13 70 419
13 71 830
13 72 483
13 73 633
13 74 272
13 75 246
13 76 471
13 77 621
13 78 253
13 79 765
13 80 310
13 81 107
13 82 26
13 83 237
13 84 767
13 85 450
13 86 339
13 87 302
13 88 675
13 89 249
13 90 335
13 91 110
13 92 752
13 93 332
13 94 481
13 95 663
13 96 363
13 97 847
13 98 739
13 99 391
14 0 598
14 1 1072
14 2 1004
14 3 587
14 4 769
14 5 652
14 6 663
14 7 683
14 8 780
14 9 764
14 10 812
14 11 499
14 12 509
14 13 721
14 14 0
14 15 393
14 16 135
14 17 803
14 18 689
14 19 901
14 20 1168
14 21 476
14 22 826
14 23 344
14 24 857
14 25 756
14 26 678
14 27 305
14 28 663
14 29 139
14 30 666
14 31 693
14 32 762
14 33 839
14 34 787
14 35 864
14 36 497
14 37 425
14 38 179
14 39 315
14 40 702
14 41 307
14 42 588
14 43 617
14 44 261
14 45 863
14 46 560
14 47 795
14 48 165
14 49 824
14 50 780
14 51 446
14 52 1075
14 53 891
14 54 269
14 55 655
14 56 623
14 57 362
14 58 76
14 59 89
14 60 328
14 61 78
14 62 885
14 63 776
14 64 526
14 65 630
14 66 1027
14 67 705
14 68 423
14 69 538
14 70 556
14 71 805
14 72 263
14 73 420
14 74 472
14 75 595
14 76 700
14 77 458
14 78 565
14 79 50
14 80 450
14 81 656
14 82 703
14 83 932
14 84 451
14 85 546
14 86 599
14 87 502
14 88 592
14 89 713
14 90 590
14 91 649
14 92 93
14 93 768
14 94 1086
14 95 141
14 96 1003
14 97 826
14 98 266
14 99 787
15 0 581
15 1 766
15 2 718
15 3 675
15 4 377
15 5 702
15 6 282
15 7 296
15 8 862
15 9 394
15 10 495
15 11 139
15 12 142
15 13 599
15 14 393
15 15 0
15 16 267
15 17 826
15 18 324
15 19 677
15 20 876
15 21 525
15 22 730
15 23 227
15 24 785
15 25 551
15 26 414
15 27 95
15 28 535
15 29 377
15 30 449
15 31 757
15 32 855
15 33 698
15 34 398
15 35 499
15 36 238
15 37 230
15 38 494
15 39 405
15 40 329
15 41 121
15 42 315
15 43 411
15 44 245
15 45 809
15 46 167
15 47 493
15 48 228
15 49 820
15 50 692
15 51 530
15 52 773
15 53 610
15 54 261
15 55 494
15 56 692
15 57 138
15 58 328
15 59 311
15 60 131
15 61 319
15 62 494
15 63 411
15 64 133
15 65 280
15 66 778
15 67 346
15 68 167
15 69 382
15 70 690
15 71 422
15 72 419
15 73 43
15 74 340
15 75 621
15 76 346
15 77 67
15 78 352
15 79 439
15 80 494
15 81 496
15 82 573
15 83 734
15 84 169
15 85 208
15 86 313
15 87 558
15 88 203
15 89 727
15 90 672
15 91 492
15 92 483
15 93 811
15 94 801
15 95 474
15 96 750
15 97 444
15 98 198
15 99 853
16 0 522
16 1 941
16 2 875
16 3 547
16 4 639
16 5 601
16 6 529
16 7 551
16 8 744
16 9 629
16 10 678
16 11 387
16 12 396
16 13 620
16 14 135
16 15 267
16 16 0
16 17 748
16 18 554
16 19 782
16 20 1039
16 21 415
16 22 735
16 23 219
16 24 773
16 25 638
16 26 549
16 27 189
16 28 558
16 29 197
16 30 544
16 31 648
16 32 730
16 33 736
16 34 666
16 35 728
16 36 365
16 37 295
16 38 235
16 39 252
16 40 589
16 41 172
16 42 457
16 43 496
16 44 216
16 45 785
16 46 434
16 47 663
16 48 64
16 49 760
16 50 690
16 51 396
16 52 945
16 53 762
16 54 155
16 55 543
16 56 578
16 57 270
16 58 62
16 59 46
16 60 234
16 61 85
16 62 761
16 63 641
16 64 401
16 65 526
16 66 905
16 67 570
16 68 333
16 69 422
16 70 534
16 71 688
16 72 224
16 73 300
16 74 357
16 75 533
16 76 565
16 77 334
16 78 440
16 79 185
16 80 384
16 81 544
16 82 599
16 83 819
16 84 358
16 85 410
16 86 466
16 87 445
16 88 470
16 89 652
16 90 548
16 91 537
16 92 218
16 93 718
16 94 958
16 95 210
16 96 880
16 97 710
16 98 196
16 99 746
17 0 245
17 1 796
17 2 708
17 3 224
17 4 974
17 5 151
17 6 848
17 7 890
17 8 123
17 9 847
17 10 712
17 11 954
17 12 950
17 13 317
17 14 803
17 15 826
17 16 748
17 17 0
17 18 806
17 19 524
17 20 814
17 21 332
17 22 246
17 23 605
17 24 198
17 25 466
17 26 583
17 27 836
17 28 352
17 29 930
17 30 503
17 31 123
17 32 143
17 33 338
17 34 1078
17 35 872
17 36 627
17 37 600
17 38 663
17 39 496
17 40 1082
17 41 730
17 42 615
17 43 500
17 44 951
17 45 163
17 46 900
17 47 672
17 48 801
17 49 57
17 50 235
17 51 357
17 52 789
17 53 650
17 54 613
17 55 411
17 56 183
17 57 937
17 58 756
17 59 759
17 60 908
17 61 817
17 62 1120
17 63 834
17 64 887
17 65 1076
17 66 629
17 67 793
17 68 986
17 69 468
17 70 285
17 71 1126
17 72 540
17 73 867
17 74 491
17 75 215
17 76 779
17 77 866
17 78 531
17 79 834
17 80 363
17 81 408
17 82 337
17 83 476
17 84 995
17 85 728
17 86 633
17 87 303
17 88 949
17 89 99
17 90 218
17 91 406
17 92 796
17 93 47
17 94 749
17 95 696
17 96 628
17 97 1145
17 98 915
17 99 90
18 0 587
18 1 461
18 2 431
18 3 738
18 4 167
18 5 728
18 6 65
18 7 98
18 8 884
18 9 74
18 10 204
18 11 328
18 12 313
18 13 502
18 14 689
18 15 324
18 16 554
18 17 806
18 18 0
18 19 455
18 20 577
18 21 605
18 22 624
18 23 387
18 24 690
18 25 382
18 26 231
18 27 418
18 28 455
18 29 698
18 30 308
18 31 783
18 32 886
18 33 556
18 34 279
18 35 176
18 36 236
18 37 313
18 38 740
18 39 566
18 40 322
18 41 382
18 42 197
18 43 306
18 44 568
18 45 726
18 46 213
18 47 221
18 48 535
18 49 778
18 50 602
18 51 633
18 52 469
18 53 339
18 54 465
18 55 396
18 56 736
18 57 445
18 58 616
18 59 601
18 60 450
18 61 625
18 62 314
18 63 87
18 64 233
18 65 365
18 66 519
18 67 27
18 68 440
18 69 356
18 70 783
18 71 331
18 72 613
18 73 323
18 74 371
18 75 650
18 76 37
18 77 285
18 78 284
18 79 739
18 80 582
18 81 400
18 82 477
18 83 529
18 84 421
18 85 147
18 86 178
18 87 631
18 88 236
18 89 719
18 90 730
18 91 400
18 92 770
18 93 809
18 94 509
18 95 733
18 96 489
18 97 346
18 98 522
18 99 864
19 0 430
19 1 272
19 2 184
19 3 592
19 4 601
19 5 536
19 6 518
19 7 553
19 8 640
19 9 451
19 10 268
19 11 746
19 12 735
19 13 247
19 14 901
19 15 677
19 16 782
19 17 524
19 18 455
19 19 0
19 20 310
19 21 541
19 22 279
19 23 563
19 24 338
19 25 145
19 26 262
19 27 743
19 28 272
19 29 974
19 30 239
19 31 572
19 32 654
19 33 186
19 34 722
19 35 424
19 36 444
19 37 492
19 38 856
19 39 628
19 40 777
19 41 653
19 42 361
19 43 286
19 44 902
19 45 380
19 46 644
19 47 238
19 48 800
19 49 473
19 50 292
19 51 586
19 52 266
19 53 148
19 54 632
19 55 253
19 56 565
19 57 815
19 58 827
19 59 819
19 60 804
19 61 867
19 62 722
19 63 430
19 64 652
19 65 815
19 66 132
19 67 429
19 68 836
19 69 362
19 70 666
19 71 774
19 72 694
19 73 700
19 74 429
19 75 493
19 76 418
19 77 674
19 78 344
19 79 949
19 80 542
19 81 253
19 82 246
19 83 78
19 84 827
19 85 480
19 86 364
19 87 545
19 88 680
19 89 480
19 90 582
19 91 261
19 92 948
19 93 552
19 94 234
19 95 869
19 96 117
19 97 786
19 98 854
19 99 610
20 0 741
20 1 117
20 2 163
20 3 902
20 4 661
20 5 843
20 6 639
20 7 658
20 8 935
20 9 532
20 10 382
20 11 905
20 12 890
20 13 557
20 14 1168
20 15 876
20 16 1039
20 17 814
20 18 577
20 19 310
20 20 0
20 21 849
20 22 569
20 23 823
20 24 617
20 25 440
20 26 490
20 27 960
20 28 579
20 29 1220
20 30 508
20 31 876
20 32 951
20 33 482
20 34 774
20 35 447
20 36 677
20 37 743
20 38 1146
20 39 921
20 40 865
20 41 888
20 42 584
20 43 556
20 44 1119
20 45 657
20 46 790
20 47 384
20 48 1045
20 49 759
20 50 592
20 51 894
20 52 107
20 53 277
20 54 900
20 55 551
20 56 873
20 57 1010
20 58 1092
20 59 1081
20 60 1008
20 61 1123
20 62 732
20 63 508
20 64 809
20 65 929
20 66 186
20 67 550
20 68 1013
20 69 644
20 70 976
20 71 822
20 72 986
20 73 887
20 74 707
20 75 804
20 76 544
20 77 853
20 78 604
20 79 1218
20 80 847
20 81 552
20 82 556
20 83 338
20 84 997
20 85 668
20 86 578
20 87 854
20 88 810
20 89 783
20 90 892
20 91 560
20 92 1226
20 93 847
20 94 82
20 95 1155
20 96 193
20 97 827
20 98 1071
20 99 903
21 0 133
21 1 786
21 2 700
21 3 149
21 4 760
21 5 187
21 6 626
21 7 666
21 8 340
21 9 666
21 10 596
21 11 662
21 12 661
21 13 303
21 14 476
21 15 525
21 16 415
21 17 332
21 18 605
21 19 541
21 20 849
21 21 0
21 22 373
21 23 298
21 24 390
21 25 411
21 26 436
21 27 518
21 28 269
21 29 598
21 30 372
21 31 238
21 32 330
21 33 413
21 34 844
21 35 727
21 36 378
21 37 321
21 38 358
21 39 163
21 40 820
21 41 416
21 42 412
21 43 337
21 44 621
21 45 390
21 46 633
21 47 561
21 48 470
21 49 348
21 50 327
21 51 45
21 52 784
21 53 601
21 54 287
21 55 301
21 56 169
21 57 620
21 58 424
21 59 427
21 60 588
21 61 484
21 62 908
21 63 662
21 64 613
21 65 796
21 66 673
21 67 602
21 68 674
21 69 257
21 70 178
21 71 886
21 72 213
21 73 568
21 74 234
21 75 119
21 76 589
21 77 576
21 78 329
21 79 511
21 80 32
21 81 300
21 82 297
21 83 540
21 84 687
21 85 486
21 86 431
21 87 33
21 88 682
21 89 238
21 90 146
21 91 293
21 92 482
21 93 303
21 94 769
21 95 384
21 96 658
21 97 907
21 98 587
21 99 336
22 0 240
22 1 550
22 2 462
22 3 362
22 4 789
22 5 289
22 6 675
22 7 717
22 8 366
22 9 649
22 10 492
22 11 838
22 12 831
22 13 132
22 14 826
22 15 730
22 16 735
22 17 246
22 18 624
22 19 279
22 20 569
22 21 373
22 22 0
22 23 542
22 24 67
22 25 248
22 26 392
22 27 767
22 28 195
22 29 931
22 30 317
22 31 312
22 32 382
22 33 92
22 34 903
22 35 656
22 36 498
22 37 503
22 38 729
22 39 514
22 40 928
22 41 661
22 42 455
22 43 335
22 44 908
22 45 107
22 46 761
22 47 453
22 48 774
22 49 194
22 50 46
22 51 416
22 52 543
22 53 411
22 54 582
22 55 242
22 56 325
22 57 859
22 58 763
22 59 760
22 60 837
22 61 816
22 62 929
22 63 633
22 64 756
22 65 941
22 66 383
22 67 605
22 68 897
22 69 347
22 70 439
22 71 954
22 72 575
22 73 765
22 74 399
22 75 279
22 76 591
22 77 753
22 78 385
22 79 868
22 80 389
22 81 239
22 82 158
22 83 230
22 84 898
22 85 581
22 86 468
22 87 361
22 88 806
22 89 219
22 90 352
22 91 241
22 92 847
22 93 278
22 94 503
22 95 753
22 96 381
22 97 970
22 98 865
22 99 334
23 0 362
23 1 728
23 2 659
23 3 447
23 4 512
23 5 475
23 6 383
23 7 416
23 8 635
23 9 460
23 10 473
23 11 365
23 12 365
23 13 417
23 14 344
23 15 227
23 16 219
23 17 605
23 18 387
23 19 563
23 20 823
23 21 298
23 22 542
23 23 0
23 24 589
23 25 420
23 26 333
23 27 231
23 28 353
23 29 411
23 30 325
23 31 530
23 32 627
23 33 530
23 34 574
23 35 548
23 36 161
23 37 82
23 38 356
23 39 192
23 40 533
23 41 124
23 42 247
23 43 277
23 44 366
23 45 607
23 46 348
23 47 453
23 48 240
23 49 604
23 50 499
23 51 304
23 52 731
23 53 546
23 54 82
23 55 330
23 56 464
23 57 331
23 58 268
23 59 258
23 60 303
23 61 304
23 62 653
23 63 466
23 64 323
23 65 501
23 66 686
23 67 395
23 68 381
23 69 208
23 70 464
23 71 610
23 72 228
23 73 270
23 74 145
23 75 396
23 76 387
23 77 280
23 78 221
23 79 394
23 80 266
23 81 331
23 82 394
23 83 602
23 84 391
23 85 241
23 86 260
23 87 330
23 88 396
23 89 506
23 90 444
23 91 325
23 92 407
23 93 587
23 94 741
23 95 353
23 96 661
23 97 632
23 98 323
23 99 627
24 0 259
24 1 606
24 2 520
24 3 352
24 4 856
24 5 274
24 6 741
24 7 783
24 8 321
24 9 717
24 10 559
24 11 897
24 12 890
24 13 193
24 14 857
24 15 785
24 16 773
24 17 198
24 18 690
24 19 338
24 20 617
24 21 390
24 22 67
24 23 589
24 24 0
24 25 315
24 26 459
24 27 817
24 28 252
24 29 968
24 30 383
24 31 285
24 32 340
24 33 155
24 34 970
24 35 723
24 36 557
24 37 556
24 38 748
24 39 542
24 40 992
24 41 710
24 42 518
24 43 398
24 44 954
24 45 42
24 46 823
24 47 521
24 48 816
24 49 142
24 50 93
24 51 430
24 52 598
24 53 475
24 54 622
24 55 304
24 56 312
24 57 912
24 58 797
24 59 796
24 60 888
24 61 852
24 62 996
24 63 700
24 64 817
24 65 1003
24 66 433
24 67 672
24 68 952
24 69 403
24 70 428
24 71 1020
24 72 600
24 73 822
24 74 449
24 75 283
24 76 658
24 77 811
24 78 445
24 79 896
24 80 411
24 81 300
24 82 219
24 83 282
24 84 954
24 85 644
24 86 532
24 87 373
24 88 869
24 89 197
24 90 343
24 91 303
24 92 871
24 93 237
24 94 555
24 95 775
24 96 434
24 97 1037
24 98 912
24 99 289
25 0 316
25 1 375
25 2 289
25 3 484
25 4 545
25 5 440
25 6 439
25 7 478
25 8 569
25 9 402
25 10 246
25 11 636
25 12 626
25 13 151
25 14 756
25 15 551
25 16 638
25 17 466
25 18 382
25 19 145
25 20 440
25 21 411
25 22 248
25 23 420
25 24 315
25 25 0
25 26 155
25 27 611
25 28 146
25 29 831
25 30 102
25 31 485
25 32 578
25 33 173
25 34 661
25 35 409
25 36 314
25 37 353
25 38 713
25 39 485
25 40 697
25 41 516
25 42 241
25 43 146
25 44 767
25 45 355
25 46 544
25 47 207
25 48 659
25 49 425
25 50 236
25 51 455
25 52 373
25 53 197
25 54 487
25 55 112
25 56 463
25 57 689
25 58 683
25 59 675
25 60 674
25 61 724
25 62 682
25 63 385
25 64 545
25 65 721
25 66 274
25 67 361
25 68 715
25 69 217
25 70 553
25 71 713
25 72 551
25 73 579
25 74 284
25 75 383
25 76 348
25 77 558
25 78 205
25 79 804
25 80 408
25 81 112
25 82 136
25 83 185
25 84 710
25 85 368
25 86 249
25 87 419
25 88 585
25 89 399
25 90 474
25 91 120
25 92 803
25 93 483
25 94 358
25 95 725
25 96 254
25 97 728
25 98 720
25 99 542
26 0 383
26 1 395
26 2 326
26 3 547
26 4 397
26 5 522
26 6 284
26 7 325
26 8 670
26 9 263
26 10 160
26 11 486
26 12 475
26 13 272
26 14 678
26 15 414
26 16 549
26 17 583
26 18 231
26 19 262
26 20 490
26 21 436
26 22 392
26 23 333
26 24 459
26 25 155
26 26 0
26 27 485
26 28 231
26 29 732
26 30 80
26 31 575
26 32 675
26 33 327
26 34 510
26 35 298
26 36 189
26 37 253
26 38 670
26 39 455
26 40 541
26 41 402
26 42 100
26 43 98
26 44 645
26 45 495
26 46 389
26 47 129
26 48 557
26 49 551
26 50 371
26 51 473
26 52 398
26 53 213
26 54 412
26 55 172
26 56 536
26 57 553
26 58 602
26 59 590
26 60 543
26 61 632
26 62 539
26 63 251
26 64 393
26 65 566
26 66 366
26 67 213
26 68 573
26 69 182
26 70 604
26 71 561
26 72 516
26 73 437
26 74 233
26 75 450
26 76 199
26 77 412
26 78 121
26 79 728
26 80 421
26 81 175
26 82 248
26 83 325
26 84 565
26 85 218
26 86 101
26 87 455
26 88 429
26 89 501
26 90 538
26 91 178
26 92 739
26 93 591
26 94 409
26 95 675
26 96 339
26 97 577
26 98 597
26 99 648
27 0 593
27 1 852
27 2 799
27 3 664
27 4 470
27 5 702
27 6 378
27 7 391
27 8 858
27 9 489
27 10 581
27 11 197
27 12 206
27 13 638
27 14 305
27 15 95
27 16 189
27 17 836
27 18 418
27 19 743
27 20 960
27 21 518
27 22 767
27 23 231
27 24 817
27 25 611
27 26 485
27 27 0
27 28 574
27 29 282
27 30 508
27 31 755
27 32 848
27 33 745
27 34 482
27 35 593
27 36 299
27 37 265
27 38 424
27 39 377
27 40 400
27 41 107
27 42 385
27 43 466
27 44 159
27 45 837
27 46 257
27 47 575
27 48 139
27 49 836
27 50 726
27 51 514
27 52 858
27 53 689
27 54 233
27 55 540
27 56 687
27 57 102
27 58 246
27 59 229
27 60 71
27 61 229
27 62 581
27 63 505
27 64 223
27 65 336
27 66 852
27 67 439
27 68 159
27 69 421
27 70 669
27 71 501
27 72 377
27 73 115
27 74 368
27 75 624
27 76 438
27 77 154
27 78 406
27 79 349
27 80 485
27 81 542
27 82 614
27 83 796
27 84 178
27 85 293
27 86 387
27 87 551
27 88 287
27 89 737
27 90 663
27 91 537
27 92 397
27 93 815
27 94 882
27 95 400
27 96 824
27 97 522
27 98 111
27 99 853
28 0 170
28 1 521
28 2 434
28 3 339
28 4 623
28 5 300
28 6 500
28 7 542
28 8 440
28 9 494
28 10 370
28 11 644
28 12 637
28 13 64
28 14 663
28 15 535
28 16 558
28 17 352
28 18 455
28 19 272
28 20 579
28 21 269
28 22 195
28 23 353
28 24 252
28 25 146
28 26 231
28 27 574
28 28 0
28 29 755
28 30 151
28 31 349
28 32 446
28 33 177
28 34 731
28 35 525
28 36 304
28 37 309
28 38 594
28 39 366
28 40 745
28 41 469
28 42 270
28 43 150
28 44 719
28 45 282
28 46 571
28 47 332
28 48 592
28 49 322
28 50 159
28 51 314
28 52 518
28 53 343
28 54 403
28 55 59
28 56 320
28 57 665
28 58 594
28 59 589
28 60 643
28 61 642
28 62 768
28 63 482
28 64 564
28 65 751
28 66 404
28 67 441
28 68 702
28 69 153
28 70 407
28 71 780
28 72 432
28 73 570
28 74 208
28 75 238
28 76 427
28 77 559
28 78 193
28 79 708
28 80 270
28 81 56
28 82 41
28 83 278
28 84 703
28 85 393
28 86 286
28 87 275
28 88 618
28 89 270
28 90 329
28 91 55
28 92 697
28 93 359
28 94 500
28 95 611
28 96 388
28 97 798
28 98 674
28 99 416
29 0 713
29 1 1117
29 2 1056
29 3 719
29 4 748
29 5 780
29 6 660
29 7 673
29 8 913
29 9 771
29 10 848
29 11 449
29 12 463
29 13 817
29 14 139
29 15 377
29 16 197
29 17 930
29 18 698
29 19 974
29 20 1220
29 21 598
29 22 931
29 23 411
29 24 968
29 25 831
29 26 732
29 27 282
29 28 755
29 29 0
29 30 734
29 31 823
29 32 897
29 33 933
29 34 745
29 35 874
29 36 543
29 37 482
29 38 318
29 39 434
29 40 646
29 41 332
29 42 635
29 43 687
29 44 169
29 45 977
29 46 534
29 47 838
29 48 174
29 49 946
29 50 886
29 51 573
29 52 1122
29 53 943
29 54 352
29 55 739
29 56 753
29 57 299
29 58 173
29 59 172
29 60 273
29 61 115
29 62 847
29 63 786
29 64 501
29 65 565
29 66 1094
29 67 718
29 68 350
29 69 618
29 70 692
29 71 754
29 72 390
29 73 392
29 74 553
29 75 717
29 76 716
29 77 432
29 78 629
29 79 140
29 80 570
29 81 740
29 82 796
29 83 1013
29 84 380
29 85 566
29 86 642
29 87 626
29 88 556
29 89 837
29 90 721
29 91 733
29 92 208
29 93 897
29 94 1139
29 95 280
29 96 1068
29 97 774
29 98 197
29 99 919
30 0 307
30 1 427
30 2 348
30 3 473
30 4 475
30 5 445
30 6 358
30 7 400
30 8 590
30 9 343
30 10 227
30 11 537
30 12 528
30 13 193
30 14 666
30 15 449
30 16 544
30 17 503
30 18 308
30 19 239
30 20 508
30 21 372
30 22 317
30 23 325
30 24 383
30 25 102
30 26 80
30 27 508
30 28 151
30 29 734
30 30 0
30 31 496
30 32 596
30 33 260
30 34 587
30 35 375
30 36 211
30 37 253
30 38 638
30 39 415
30 40 611
30 41 415
30 42 142
30 43 48
30 44 665
30 45 418
30 46 449
30 47 191
30 48 561
30 49 470
30 50 293
30 51 412
30 52 427
30 53 239
30 54 396
30 55 92
30 56 460
30 57 586
30 58 591
30 59 582
30 60 572
30 61 629
30 62 619
30 63 331
30 64 448
30 65 629
30 66 361
30 67 292
30 68 613
30 69 135
30 70 534
30 71 637
30 72 478
30 73 477
30 74 198
30 75 375
30 76 278
30 77 457
30 78 105
30 79 715
30 80 361
30 81 95
30 82 169
30 83 287
30 84 609
30 85 271
30 86 153
30 87 388
30 88 492
30 89 421
30 90 464
30 91 98
30 92 719
30 93 510
30 94 426
30 95 647
30 96 337
30 97 654
30 98 617
30 99 567
31 0 196
31 1 843
31 2 754
31 3 106
31 4 948
31 5 56
31 6 817
31 7 859
31 8 105
31 9 833
31 10 719
31 11 891
31 12 889
31 13 336
31 14 693
31 15 757
31 16 648
31 17 123
31 18 783
31 19 572
31 20 876
31 21 238
31 22 312
31 23 530
31 24 285
31 25 485
31 26 575
31 27 755
31 28 349
31 29 823
31 30 496
31 31 0
31 32 102
31 33 394
31 34 1045
31 35 872
31 36 580
31 37 540
31 38 545
31 39 395
31 40 1035
31 41 652
31 42 587
31 43 481
31 44 858
31 45 260
31 46 849
31 47 681
31 48 706
31 49 168
31 50 284
31 51 252
31 52 838
31 53 680
31 54 525
31 55 405
31 56 70
31 57 857
31 58 651
31 59 655
31 60 826
31 61 712
31 62 1097
31 63 823
31 64 833
31 65 1020
31 66 690
31 67 774
31 68 910
31 69 430
31 70 162
31 71 1090
31 72 432
31 73 800
31 74 436
31 75 138
31 76 760
31 77 804
31 78 499
31 79 721
31 80 270
31 81 402
31 82 349
31 83 538
31 84 922
31 85 686
31 86 605
31 87 205
31 88 899
31 89 93
31 90 102
31 91 398
31 92 680
31 93 78
31 94 805
31 95 579
31 96 684
31 97 1110
31 98 825
31 99 98
32 0 298
32 1 926
32 2 838
32 3 184
32 4 1050
32 5 158
32 6 920
32 7 961
32 8 24
32 9 934
32 10 816
32 11 990
32 12 988
32 13 427
32 14 762
32 15 855
32 16 730
32 17 143
32 18 886
32 19 654
32 20 951
32 21 330
32 22 382
32 23 627
32 24 340
32 25 578
32 26 675
32 27 848
32 28 446
32 29 897
32 30 596
32 31 102
32 32 0
32 33 471
32 34 1147
32 35 971
32 36 683
32 37 640
32 38 603
32 39 480
32 40 1137
32 41 746
32 42 689
32 43 583
32 44 944
32 45 306
32 46 951
32 47 778
32 48 790
32 49 201
32 50 362
32 51 336
32 52 920
32 53 770
32 54 615
32 55 504
32 56 162
32 57 950
32 58 727
32 59 733
32 60 918
32 61 789
32 62 1199
32 63 924
32 64 933
32 65 1120
32 66 765
32 67 876
32 68 1005
32 69 532
32 70 207
32 71 1192
32 72 509
32 73 897
32 74 538
32 75 240
32 76 862
32 77 903
32 78 602
32 79 786
32 80 362
32 81 501
32 82 443
32 83 612
32 84 1017
32 85 789
32 86 708
32 87 297
32 88 1000
32 89 178
32 90 185
32 91 498
32 92 739
32 93 104
32 94 884
32 95 639
32 96 762
32 97 1212
32 98 913
32 99 55
33 0 285
33 1 458
33 2 370
33 3 430
33 4 718
33 5 364
33 6 611
33 7 651
33 8 455
33 9 574
33 10 409
33 11 795
33 12 786
33 13 118
33 14 839
33 15 698
33 16 736
33 17 338
33 18 556
33 19 186
33 20 482
33 21 413
33 22 92
33 23 530
33 24 155
33 25 173
33 26 327
33 27 745
33 28 177
33 29 933
33 30 260
33 31 394
33 32 471
33 33 0
33 34 835
33 35 573
33 36 460
33 37 479
33 38 760
33 39 536
33 40 868
33 41 642
33 42 402
33 43 288
33 44 893
33 45 197
33 46 709
33 47 371
33 48 769
33 49 287
33 50 110
33 51 458
33 52 451
33 53 320
33 54 581
33 55 204
33 56 397
33 57 832
33 58 771
33 59 766
33 60 813
33 61 820
33 62 854
33 63 556
33 64 708
33 65 889
33 66 295
33 67 535
33 68 864
33 69 324
33 70 507
33 71 886
33 72 600
33 73 730
33 74 384
33 75 338
33 76 521
33 77 713
33 78 345
33 79 883
33 80 423
33 81 202
33 82 136
33 83 143
33 84 863
33 85 531
33 86 413
33 87 408
33 88 752
33 89 301
33 90 420
33 91 208
33 92 869
33 93 367
33 94 413
33 95 780
33 96 291
33 97 902
33 98 848
33 99 424
34 0 849
34 1 658
34 2 658
34 3 987
34 4 121
34 5 988
34 6 230
34 7 188
34 8 1147
34 9 270
34 10 455
34 11 295
34 12 282
34 13 780
34 14 787
34 15 398
34 16 666
34 17 1078
34 18 279
34 19 722
34 20 774
34 21 844
34 22 903
34 23 574
34 24 970
34 25 661
34 26 510
34 27 482
34 28 731
34 29 745
34 30 587
34 31 1045
34 32 1147
34 33 835
34 34 0
34 35 329
34 36 467
34 37 525
34 38 891
34 39 767
34 40 117
34 41 510
34 42 462
34 43 580
34 44 581
34 45 1005
34 46 234
34 47 484
34 48 622
34 49 1053
34 50 881
34 51 864
34 52 670
34 53 590
34 54 637
34 55 673
34 56 991
34 57 446
34 58 726
34 59 709
34 60 471
34 61 711
34 62 104
34 63 293
34 64 266
34 65 208
34 66 764
34 67 300
34 68 403
34 69 615
34 70 1022
34 71 52
34 72 798
34 73 367
34 74 613
34 75 907
34 76 313
34 77 331
34 78 548
34 79 831
34 80 817
34 81 676
34 82 755
34 83 799
34 84 374
34 85 359
34 86 445
34 87 874
34 88 196
34 89 987
34 90 981
34 91 676
34 92 879
34 93 1077
34 94 723
34 95 872
34 96 735
34 97 67
34 98 548
34 99 1130
35 0 681
35 1 330
35 2 330
35 3 844
35 4 214
35 5 820
35 6 220
35 7 225
35 8 965
35 9 105
35 10 164
35 11 485
35 12 470
35 13 555
35 14 864
35 15 499
35 16 728
35 17 872
35 18 176
35 19 424
35 20 447
35 21 727
35 22 656
35 23 548
35 24 723
35 25 409
35 26 298
35 27 593
35 28 525
35 29 874
35 30 375
35 31 872
35 32 971
35 33 573
35 34 329
35 35 0
35 36 389
35 37 469
35 38 905
35 39 716
35 40 418
35 41 557
35 42 321
35 43 395
35 44 741
35 45 763
35 46 370
35 47 202
35 48 711
35 49 834
35 50 646
35 51 761
35 52 341
35 53 278
35 54 630
35 55 467
35 56 835
35 57 615
35 58 789
35 59 774
35 60 622
35 61 800
35 62 304
35 63 88
35 64 397
35 65 486
35 66 442
35 67 158
35 68 602
35 69 469
35 70 900
35 71 378
35 72 768
35 73 495
35 74 503
35 75 749
35 76 163
35 77 455
35 78 398
35 79 914
35 80 709
35 81 470
35 82 534
35 83 502
35 84 581
35 85 317
35 86 303
35 87 749
35 88 379
35 89 796
35 90 836
35 91 473
35 92 942
35 93 884
35 94 394
35 95 900
35 96 414
35 97 385
35 98 696
35 99 941
36 0 388
36 1 576
36 2 513
36 3 519
36 4 382
36 5 524
36 6 248
36 7 288
36 8 685
36 9 306
36 10 314
36 11 340
36 12 332
36 13 366
36 14 497
36 15 238
36 16 365
36 17 627
36 18 236
36 19 444
36 20 677
36 21 378
36 22 498
36 23 161
36 24 557
36 25 314
36 26 189
36 27 299
36 28 304
36 29 543
36 30 211
36 31 580
36 32 683
36 33 460
36 34 467
36 35 389
36 36 0
36 37 80
36 38 517
36 39 330
36 40 455
36 41 212
36 42 92
36 43 172
36 44 457
36 45 585
36 46 273
36 47 298
36 48 368
36 49 610
36 50 464
36 51 401
36 52 580
36 53 400
36 54 243
36 55 258
36 56 524
36 57 375
36 58 421
36 59 409
36 60 360
36 61 447
36 62 530
36 63 309
36 64 262
36 65 451
36 66 555
36 67 240
36 68 404
36 69 159
36 70 557
36 71 510
36 72 379
36 73 269
36 74 146
36 75 442
36 76 230
36 77 254
36 78 114
36 79 548
36 80 352
36 81 261
36 82 340
36 83 498
36 84 402
36 85 107
36 86 101
36 87 407
36 88 321
36 89 531
36 90 513
36 91 257
36 92 566
36 93 620
36 94 596
36 95 514
36 96 528
36 97 530
36 98 409
36 99 670
37 0 355
37 1 647
37 2 580
37 3 468
37 4 450
37 5 483
37 6 318
37 7 355
37 8 645
37 9 384
37 10 390
37 11 354
37 12 350
37 13 373
37 14 425
37 15 230
37 16 295
37 17 600
37 18 313
37 19 492
37 20 743
37 21 321
37 22 503
37 23 82
37 24 556
37 25 353
37 26 253
37 27 265
37 28 309
37 29 482
37 30 253
37 31 540
37 32 640
37 33 479
37 34 525
37 35 469
37 36 80
37 37 0
37 38 436
37 39 253
37 40 499
37 41 164
37 42 165
37 43 207
37 44 416
37 45 579
37 46 312
37 47 371
37 48 308
37 49 590
37 50 464
37 51 338
37 52 650
37 53 466
37 54 164
37 55 274
37 56 478
37 57 356
37 58 349
37 59 337
37 60 334
37 61 380
37 62 596
37 63 389
37 64 293
37 65 480
37 66 611
37 67 319
37 68 396
37 69 155
37 70 498
37 71 565
37 72 299
37 73 269
37 74 110
37 75 401
37 76 310
37 77 266
37 78 148
37 79 475
37 80 293
37 81 276
37 82 348
37 83 537
37 84 400
37 85 174
37 86 177
37 87 352
37 88 361
37 89 501
37 90 463
37 91 271
37 92 490
37 93 587
37 94 662
37 95 434
37 96 585
37 97 586
37 98 370
37 99 633
38 0 490
38 1 1063
38 2 986
38 3 440
38 4 850
38 5 513
38 6 729
38 7 757
38 8 623
38 9 814
38 10 822
38 11 621
38 12 629
38 13 643
38 14 179
38 15 494
38 16 235
38 17 663
38 18 740
38 19 856
38 20 1146
38 21 358
38 22 729
38 23 356
38 24 748
38 25 713
38 26 670
38 27 424
38 28 594
38 29 318
38 30 638
38 31 545
38 32 603
38 33 760
38 34 891
38 35 905
38 36 517
38 37 436
38 38 0
38 39 228
38 40 821
38 41 381
38 42 598
38 43 591
38 44 428
38 45 747
38 46 656
38 47 798
38 48 295
38 49 692
38 50 684
38 51 318
38 52 1064
38 53 875
38 54 275
38 55 603
38 56 480
38 57 504
38 58 188
38 59 203
38 60 468
38 61 238
38 62 981
38 63 822
38 64 625
38 65 761
38 66 987
38 67 751
38 68 568
38 69 502
38 70 396
38 71 917
38 72 162
38 73 530
38 74 440
38 75 469
38 76 743
38 77 561
38 78 549
38 79 188
38 80 340
38 81 603
38 82 630
38 83 873
38 84 593
38 85 594
38 86 612
38 87 376
38 88 696
38 89 582
38 90 445
38 91 595
38 92 135
38 93 623
38 94 1064
38 95 38
38 96 967
38 97 938
38 98 421
38 99 634
39 0 282
39 1 842
39 2 762
39 3 296
39 4 702
39 5 348
39 6 570
39 7 606
39 8 493
39 9 636
39 10 613
39 11 545
39 12 547
39 13 418
39 14 315
39 15 405
39 16 252
39 17 496
39 18 566
39 19 628
39 20 921
39 21 163
39 22 514
39 23 192
39 24 542
39 25 485
39 26 455
39 27 377
39 28 366
39 29 434
39 30 415
39 31 395
39 32 480
39 33 536
39 34 767
39 35 716
39 36 330
39 37 253
39 38 228
39 39 0
39 40 723
39 41 286
39 42 396
39 43 369
39 44 463
39 45 547
39 46 540
39 47 585
39 48 310
39 49 511
39 50 468
39 51 143
39 52 842
39 53 654
39 54 145
39 55 375
39 56 325
39 57 478
39 58 261
39 59 263
39 60 444
39 61 321
39 62 845
39 63 639
39 64 514
39 65 685
39 66 760
39 67 571
39 68 537
39 69 279
39 70 292
39 71 803
39 72 65
39 73 448
39 74 222
39 75 282
39 76 560
39 77 465
39 78 334
39 79 354
39 80 135
39 81 374
39 82 404
39 83 645
39 84 553
39 85 427
39 86 413
39 87 193
39 88 587
39 89 402
39 90 296
39 91 367
39 92 334
39 93 465
39 94 839
39 95 244
39 96 740
39 97 825
39 98 433
39 99 494
40 0 844
40 1 747
40 2 736
40 3 967
40 4 204
40 5 978
40 6 259
40 7 224
40 8 1140
40 9 338
40 10 519
40 11 203
40 12 193
40 13 800
40 14 702
40 15 329
40 16 589
40 17 1082
40 18 322
40 19 777
40 20 865
40 21 820
40 22 928
40 23 533
40 24 992
40 25 697
40 26 541
40 27 400
40 28 745
40 29 646
40 30 611
40 31 1035
40 32 1137
40 33 868
40 34 117
40 35 418
40 36 455
40 37 499
40 38 821
40 39 723
40 40 0
40 41 448
40 42 474
40 43 595
40 44 479
40 45 1025
40 46 187
40 47 542
40 48 539
40 49 1062
40 50 901
40 51 834
40 52 758
40 53 656
40 54 584
40 55 689
40 56 976
40 57 348
40 58 647
40 59 630
40 60 377
40 61 624
40 62 218
40 63 363
40 64 209
40 65 92
40 66 835
40 67 347
40 68 298
40 69 613
40 70 995
40 71 109
40 72 745
40 73 290
40 74 598
40 75 896
40 76 359
40 77 262
40 78 553
40 79 743
40 80 791
40 81 692
40 82 774
40 83 851
40 84 268
40 85 354
40 86 460
40 87 851
40 88 138
40 89 987
40 90 962
40 91 691
40 92 796
40 93 1076
40 94 807
40 95 799
40 96 805
40 97 128
40 98 450
40 99 1126
41 0 486
41 1 785
41 2 725
41 3 564
41 4 471
41 5 597
41 6 357
41 7 381
41 8 755
41 9 457
41 10 517
41 11 260
41 12 263
41 13 534
41 14 307
41 15 121
41 16 172
41 17 730
41 18 382
41 19 653
41 20 888
41 21 416
41 22 661
41 23 124
41 24 710
41 25 516
41 26 402
41 27 107
41 28 469
41 29 332
41 30 415
41 31 652
41 32 746
41 33 642
41 34 510
41 35 557
41 36 212
41 37 164
41 38 381
41 39 286
41 40 448
41 41 0
41 42 304
41 43 370
41 44 251
41 45 730
41 46 275
41 47 506
41 48 158
41 49 729
41 50 620
41 51 416
41 52 790
41 53 612
41 54 141
41 55 438
41 56 584
41 57 206
41 58 234
41 59 218
41 60 179
41 61 244
41 62 600
41 63 469
41 64 244
41 65 401
41 66 768
41 67 398
41 68 258
41 69 318
41 70 574
41 71 538
41 72 298
41 73 163
41 74 262
41 75 519
41 76 394
41 77 185
41 78 310
41 79 357
41 80 383
41 81 440
41 82 509
41 83 701
41 84 271
41 85 240
41 86 310
41 87 449
41 88 317
41 89 630
41 90 562
41 91 434
41 92 389
41 93 710
41 94 808
41 95 365
41 96 741
41 97 560
41 98 205
41 99 749
42 0 391
42 1 484
42 2 421
42 3 541
42 4 361
42 5 531
42 6 232
42 7 274
42 8 688
42 9 254
42 10 225
42 11 395
42 12 385
42 13 325
42 14 588
42 15 315
42 16 457
42 17 615
42 18 197
42 19 361
42 20 584
42 21 412
42 22 455
42 23 247
42 24 518
42 25 241
42 26 100
42 27 385
42 28 270
42 29 635
42 30 142
42 31 587
42 32 689
42 33 402
42 34 462
42 35 321
42 36 92
42 37 165
42 38 598
42 39 396
42 40 474
42 41 304
42 42 0
42 43 120
42 44 544
42 45 551
42 46 307
42 47 206
42 48 460
42 49 591
42 50 426
42 51 443
42 52 488
42 53 308
42 54 329
42 55 214
42 56 538
42 57 454
42 58 512
42 59 500
42 60 443
42 61 539
42 62 509
42 63 250
42 64 305
42 65 487
42 66 467
42 67 190
42 68 475
42 69 159
42 70 589
42 71 511
42 72 451
42 73 339
42 74 182
42 75 453
42 76 177
42 77 316
42 78 87
42 79 639
42 80 391
42 81 218
42 82 299
42 83 421
42 84 469
42 85 128
42 86 19
42 87 437
42 88 351
42 89 525
42 90 533
42 91 216
42 92 655
42 93 615
42 94 504
42 95 598
42 96 439
42 97 529
42 98 496
42 99 669
43 0 287
43 1 472
43 2 395
43 3 449
43 4 473
43 5 428
43 6 349
43 7 392
43 8 579
43 9 351
43 10 258
43 11 507
43 12 498
43 13 205
43 14 617
43 15 411
43 16 496
43 17 500
43 18 306
43 19 286
43 20 556
43 21 337
43 22 335
43 23 277
43 24 398
43 25 146
43 26 98
43 27 466
43 28 150
43 29 687
43 30 48
43 31 481
43 32 583
43 33 288
43 34 580
43 35 395
43 36 172
43 37 207
43 38 591
43 39 369
43 40 595
43 41 370
43 42 120
43 43 0
43 44 621
43 45 430
43 46 425
43 47 224
43 48 514
43 49 472
43 50 305
43 51 376
43 52 473
43 53 284
43 54 348
43 55 94
43 56 440
43 57 547
43 58 543
43 59 534
43 60 531
43 61 581
43 62 620
43 63 342
43 64 422
43 65 606
43 66 409
43 67 294
43 68 577
43 69 90
43 70 505
43 71 629
43 72 432
43 73 441
43 74 150
43 75 354
43 76 280
43 77 424
43 78 60
43 79 667
43 80 324
43 81 97
43 82 178
43 83 330
43 84 574
43 85 246
43 86 135
43 87 356
43 88 471
43 89 413
43 90 440
43 91 96
43 92 671
43 93 503
43 94 474
43 95 599
43 96 385
43 97 647
43 98 574
43 99 558
44 0 716
44 1 1010
44 2 959
44 3 760
44 4 594
44 5 808
44 6 521
44 7 527
44 8 957
44 9 636
44 10 739
44 11 286
44 12 301
44 13 783
44 14 261
44 15 245
44 16 216
44 17 951
44 18 568
44 19 902
44 20 1119
44 21 621
44 22 908
44 23 366
44 24 954
44 25 767
44 26 645
44 27 159
44 28 719
44 29 169
44 30 665
44 31 858
44 32 944
44 33 893
44 34 581
44 35 741
44 36 457
44 37 416
44 38 428
44 39 463
44 40 479
44 41 251
44 42 544
44 43 621
44 44 0
44 45 971
44 46 382
44 47 735
44 48 154
44 49 958
44 50 865
44 51 607
44 52 1016
44 53 848
44 54 338
44 55 690
44 56 788
44 57 135
44 58 242
44 59 229
44 60 118
44 61 190
44 62 684
44 63 654
44 64 351
44 65 396
44 66 1012
44 67 591
44 68 181
44 69 569
44 70 750
44 71 587
44 72 441
44 73 246
44 74 510
44 75 736
44 76 591
44 77 286
44 78 561
44 79 288
44 80 590
44 81 692
44 82 759
44 83 952
44 84 211
44 85 451
44 86 547
44 87 653
44 88 398
44 89 853
44 90 760
44 91 686
44 92 351
44 93 925
44 94 1042
44 95 394
44 96 984
44 97 607
44 98 48
44 99 957
45 0 264
45 1 648
45 2 562
45 3 337
45 4 893
45 5 257
45 6 776
45 7 818
45 8 286
45 9 755
45 10 600
45 11 925
45 12 918
45 13 225
45 14 863
45 15 809
45 16 785
45 17 163
45 18 726
45 19 380
45 20 657
45 21 390
45 22 107
45 23 607
45 24 42
45 25 355
45 26 495
45 27 837
45 28 282
45 29 977
45 30 418
45 31 260
45 32 306
45 33 197
45 34 1005
45 35 763
45 36 585
45 37 579
45 38 747
45 39 547
45 40 1025
45 41 730
45 42 551
45 43 430
45 44 971
45 45 0
45 46 853
45 47 561
45 48 830
45 49 105
45 50 124
45 51 428
45 52 640
45 53 517
45 54 636
45 55 336
45 56 295
45 57 933
45 58 806
45 59 805
45 60 909
45 61 862
45 62 1034
45 63 739
45 64 846
45 65 1034
45 66 473
45 67 709
45 68 976
45 69 428
45 70 410
45 71 1056
45 72 603
45 73 847
45 74 471
45 75 278
45 76 695
45 77 838
45 78 475
45 79 901
45 80 414
45 81 332
45 82 251
45 83 323
45 84 979
45 85 675
45 86 565
45 87 370
45 88 900
45 89 179
45 90 328
45 91 334
45 92 873
45 93 204
45 94 596
45 95 775
45 96 475
45 97 1072
45 98 930
45 99 253
46 0 660
46 1 674
46 2 642
46 3 780
46 4 213
46 5 793
46 6 152
46 7 147
46 8 954
46 9 267
46 10 414
46 11 116
46 12 100
46 13 630
46 14 560
46 15 167
46 16 434
46 17 900
46 18 213
46 19 644
46 20 790
46 21 633
46 22 761
46 23 348
46 24 823
46 25 544
46 26 389
46 27 257
46 28 571
46 29 534
46 30 449
46 31 849
46 32 951
46 33 709
46 34 234
46 35 370
46 36 273
46 37 312
46 38 656
46 39 540
46 40 187
46 41 275
46 42 307
46 43 425
46 44 382
46 45 853
46 46 0
46 47 425
46 48 395
46 49 883
46 50 730
46 51 647
46 52 682
46 53 545
46 54 405
46 55 519
46 56 790
46 57 250
46 58 495
46 59 478
46 60 264
46 61 485
46 62 326
46 63 289
46 64 33
46 65 180
46 66 724
46 67 240
46 68 232
46 69 432
46 70 808
46 71 264
46 72 566
46 73 142
46 74 413
46 75 711
46 76 246
46 77 102
46 78 378
46 79 605
46 80 604
46 81 522
46 82 603
46 83 713
46 84 211
46 85 179
46 86 296
46 87 664
46 88 49
46 89 804
46 90 775
46 91 520
46 92 650
46 93 892
46 94 721
46 95 639
46 96 694
46 97 286
46 98 341
46 99 941
47 0 496
47 1 278
47 2 224
47 3 664
47 4 362
47 5 631
47 6 286
47 7 318
47 8 770
47 9 213
47 10 39
47 11 535
47 12 522
47 13 355
47 14 795
47 15 493
47 16 663
47 17 672
47 18 221
47 19 238
47 20 384
47 21 561
47 22 453
47 23 453
47 24 521
47 25 207
47 26 129
47 27 575
47 28 332
47 29 838
47 30 191
47 31 681
47 32 778
47 33 371
47 34 484
47 35 202
47 36 298
47 37 371
47 38 798
47 39 585
47 40 542
47 41 506
47 42 206
47 43 224
47 44 735
47 45 561
47 46 425
47 47 0
47 48 664
47 49 632
47 50 444
47 51 600
47 52 283
47 53 120
47 54 534
47 55 276
47 56 649
47 57 629
47 58 719
47 59 707
47 60 625
47 61 745
47 62 487
47 63 192
47 64 438
47 65 586
47 66 299
47 67 195
47 68 637
47 69 312
47 70 725
47 71 536
47 72 645
47 73 507
47 74 362
47 75 565
47 76 184
47 77 474
47 78 251
47 79 846
47 80 549
47 81 279
47 82 336
47 83 315
47 84 623
47 85 285
47 86 197
47 87 579
47 88 454
47 89 600
47 90 654
47 91 284
47 92 861
47 93 687
47 94 307
47 95 801
47 96 269
47 97 548
47 98 687
47 99 745
48 0 570
48 1 943
48 2 882
48 3 606
48 4 605
48 5 657
48 6 504
48 7 521
48 8 803
48 9 609
48 10 676
48 11 335
48 12 345
48 13 655
48 14 165
48 15 228
48 16 64
48 17 801
48 18 535
48 19 800
48 20 1045
48 21 470
48 22 774
48 23 240
48 24 816
48 25 659
48 26 557
48 27 139
48 28 592
48 29 174
48 30 561
48 31 706
48 32 790
48 33 769
48 34 622
48 35 711
48 36 368
48 37 308
48 38 295
48 39 310
48 40 539
48 41 158
48 42 460
48 43 514
48 44 154
48 45 830
48 46 395
48 47 664
48 48 0
48 49 811
48 50 730
48 51 454
48 52 948
48 53 769
48 54 194
48 55 571
48 56 635
48 57 209
48 58 110
48 59 93
48 60 173
48 61 91
48 62 720
48 63 623
48 64 361
48 65 471
48 66 919
48 67 553
48 68 272
48 69 448
48 70 596
48 71 641
48 72 287
48 73 255
48 74 385
48 75 586
48 76 550
48 77 292
48 78 456
48 79 210
48 80 439
48 81 572
48 82 633
48 83 843
48 84 298
48 85 397
48 86 467
48 87 501
48 88 426
48 89 704
48 90 607
48 91 565
48 92 257
48 93 774
48 94 965
48 95 267
48 96 893
48 97 662
48 98 131
48 99 804
49 0 242
49 1 744
49 2 657
49 3 260
49 4 945
49 5 181
49 6 822
49 7 864
49 8 181
49 9 814
49 10 672
49 11 944
49 12 939
49 13 279
49 14 824
49 15 820
49 16 760
49 17 57
49 18 778
49 19 473
49 20 759
49 21 348
49 22 194
49 23 604
49 24 142
49 25 425
49 26 551
49 27 836
49 28 322
49 29 946
49 30 470
49 31 168
49 32 201
49 33 287
49 34 1053
49 35 834
49 36 610
49 37 590
49 38 692
49 39 511
49 40 1062
49 41 729
49 42 591
49 43 472
49 44 958
49 45 105
49 46 883
49 47 632
49 48 811
49 49 0
49 50 189
49 51 378
49 52 737
49 53 603
49 54 619
49 55 381
49 56 217
49 57 935
49 58 773
49 59 774
49 60 908
49 61 832
49 62 1090
49 63 800
49 64 872
49 65 1061
49 66 574
49 67 763
49 68 983
49 69 451
49 70 327
49 71 1102
49 72 561
49 73 860
49 74 480
49 75 229
49 76 749
49 77 856
49 78 509
49 79 858
49 80 376
49 81 377
49 82 302
49 83 422
49 84 989
49 85 708
49 86 607
49 87 322
49 88 931
49 89 110
49 90 253
49 91 377
49 92 823
49 93 101
49 94 696
49 95 723
49 96 574
49 97 1120
49 98 920
49 99 147
50 0 195
50 1 564
50 2 476
50 3 324
50 4 769
50 5 255
50 6 651
50 7 693
50 8 348
50 9 632
50 10 483
50 11 804
50 12 797
50 13 101
50 14 780
50 15 692
50 16 690
50 17 235
50 18 602
50 19 292
50 20 592
50 21 327
50 22 46
50 23 499
50 24 93
50 25 236
50 26 371
50 27 726
50 28 159
50 29 886
50 30 293
50 31 284
50 32 362
50 33 110
50 34 881
50 35 646
50 36 464
50 37 464
50 38 684
50 39 468
50 40 901
50 41 620
50 42 426
50 43 305
50 44 865
50 45 124
50 46 730
50 47 444
50 48 730
50 49 189
50 50 0
50 51 371
50 52 558
50 53 414
50 54 537
50 55 211
50 56 289
50 57 820
50 58 718
50 59 715
50 60 797
50 61 771
50 62 911
50 63 617
50 64 724
50 65 910
50 66 405
50 67 585
50 68 859
50 69 309
50 70 401
50 71 931
50 72 529
50 73 728
50 74 358
50 75 237
50 76 571
50 77 718
50 78 352
50 79 822
50 80 343
50 81 208
50 82 126
50 83 254
50 84 861
50 85 551
50 86 440
50 87 316
50 88 776
50 89 191
50 90 314
50 91 210
50 92 801
50 93 260
50 94 522
50 95 707
50 96 401
50 97 948
50 98 823
50 99 318
51 0 176
51 1 829
51 2 744
51 3 152
51 4 784
51 5 207
51 6 650
51 7 689
51 8 349
51 9 696
51 10 634
51 11 669
51 12 669
51 13 349
51 14 446
51 15 530
51 16 396
51 17 357
51 18 633
51 19 586
51 20 894
51 21 45
51 22 416
51 23 304
51 24 430
51 25 455
51 26 473
51 27 514
51 28 314
51 29 573
51 30 412
51 31 252
51 32 336
51 33 458
51 34 864
51 35 761
51 36 401
51 37 338
51 38 318
51 39 143
51 40 834
51 41 416
51 42 443
51 43 376
51 44 607
51 45 428
51 46 647
51 47 600
51 48 454
51 49 378
51 50 371
51 51 0
51 52 828
51 53 644
51 54 280
51 55 345
51 56 181
51 57 616
51 58 400
51 59 403
51 60 583
51 61 461
51 62 932
51 63 693
51 64 625
51 65 805
51 66 719
51 67 631
51 68 672
51 69 292
51 70 160
51 71 904
51 72 183
51 73 573
51 74 261
51 75 151
51 76 619
51 77 584
51 78 362
51 79 479
51 80 52
51 81 343
51 82 343
51 83 586
51 84 687
51 85 508
51 86 461
51 87 57
51 88 696
51 89 268
51 90 152
51 91 336
51 92 446
51 93 324
51 94 813
51 95 347
51 96 703
51 97 925
51 98 576
51 99 350
52 0 686
52 1 12
52 2 84
52 3 852
52 4 555
52 5 799
52 6 532
52 7 550
52 8 906
52 9 424
52 10 277
52 11 798
52 12 783
52 13 507
52 14 1075
52 15 773
52 16 945
52 17 789
52 18 469
52 19 266
52 20 107
52 21 784
52 22 543
52 23 731
52 24 598
52 25 373
52 26 398
52 27 858
52 28 518
52 29 1122
52 30 427
52 31 838
52 32 920
52 33 451
52 34 670
52 35 341
52 36 580
52 37 650
52 38 1064
52 39 842
52 40 758
52 41 790
52 42 488
52 43 473
52 44 1016
52 45 640
52 46 682
52 47 283
52 48 948
52 49 737
52 50 558
52 51 828
52 52 0
52 53 188
52 54 810
52 55 482
52 56 827
52 57 905
52 58 999
52 59 988
52 60 904
52 61 1027
52 62 631
52 63 400
52 64 702
52 65 821
52 66 176
52 67 442
52 68 907
52 69 563
52 70 924
52 71 718
52 72 906
52 73 782
52 74 623
52 75 752
52 76 437
52 77 747
52 78 516
52 79 1126
52 80 779
52 81 484
52 82 501
52 83 317
52 84 890
52 85 565
52 86 480
52 87 793
52 88 702
52 89 746
52 90 842
52 91 491
52 92 1137
52 93 818
52 94 64
52 95 1071
52 96 166
52 97 723
52 98 968
52 99 875
53 0 513
53 1 187
53 2 113
53 3 682
53 4 469
53 5 636
53 6 405
53 7 434
53 8 759
53 9 320
53 10 136
53 11 656
53 12 642
53 13 344
53 14 891
53 15 610
53 16 762
53 17 650
53 18 339
53 19 148
53 20 277
53 21 601
53 22 411
53 23 546
53 24 475
53 25 197
53 26 213
53 27 689
53 28 343
53 29 943
53 30 239
53 31 680
53 32 770
53 33 320
53 34 590
53 35 278
53 36 400
53 37 466
53 38 875
53 39 654
53 40 656
53 41 612
53 42 308
53 43 284
53 44 848
53 45 517
53 46 545
53 47 120
53 48 769
53 49 603
53 50 414
53 51 644
53 52 188
53 53 0
53 54 624
53 55 300
53 56 660
53 57 746
53 58 815
53 59 804
53 60 741
53 61 845
53 62 581
53 63 297
53 64 559
53 65 705
53 66 179
53 67 312
53 68 756
53 69 374
53 70 750
53 71 642
53 72 717
53 73 625
53 74 435
53 75 581
53 76 303
53 77 594
53 78 329
53 79 941
53 80 595
53 81 302
53 82 332
53 83 226
53 84 743
53 85 402
53 86 303
53 87 613
53 88 574
53 89 592
53 90 672
53 91 309
53 92 950
53 93 672
53 94 196
53 95 883
53 96 149
53 97 652
53 98 800
53 99 730
54 0 378
54 1 807
54 2 737
54 3 432
54 4 583
54 5 473
54 6 457
54 7 488
54 8 626
54 9 539
54 10 554
54 11 401
54 12 403
54 13 465
54 14 269
54 15 261
54 16 155
54 17 613
54 18 465
54 19 632
54 20 900
54 21 287
54 22 582
54 23 82
54 24 622
54 25 487
54 26 412
54 27 233
54 28 403
54 29 352
54 30 396
54 31 525
54 32 615
54 33 581
54 34 637
54 35 630
54 36 243
54 37 164
54 38 275
54 39 145
54 40 584
54 41 141
54 42 329
54 43 348
54 44 338
54 45 636
54 46 405
54 47 534
54 48 194
54 49 619
54 50 537
54 51 280
54 52 810
54 53 624
54 54 0
54 55 389
54 56 455
54 57 335
54 58 195
54 59 187
54 60 302
54 61 239
54 62 720
54 63 546
54 64 376
54 65 541
54 66 757
54 67 475
54 68 393
54 69 270
54 70 435
54 71 669
54 72 161
54 73 304
54 74 204
54 75 398
54 76 467
54 77 323
54 78 296
54 79 318
54 80 254
54 81 390
54 82 444
54 83 666
54 84 408
54 85 319
54 86 342
54 87 319
54 88 450
54 89 515
54 90 430
54 91 383
54 92 327
54 93 588
54 94 818
54 95 271
54 96 733
54 97 691
54 98 302
54 99 623
55 0 220
55 1 484
55 2 399
55 3 388
55 4 564
55 5 355
55 6 442
55 7 484
55 8 498
55 9 435
55 10 314
55 11 597
55 12 589
55 13 110
55 14 655
55 15 494
55 16 543
55 17 411
55 18 396
55 19 253
55 20 551
55 21 301
55 22 242
55 23 330
55 24 304
55 25 112
55 26 172
55 27 540
55 28 59
55 29 739
55 30 92
55 31 405
55 32 504
55 33 204
55 34 673
55 35 467
55 36 258
55 37 274
55 38 603
55 39 375
55 40 689
55 41 438
55 42 214
55 43 94
55 44 690
55 45 336
55 46 519
55 47 276
55 48 571
55 49 381
55 50 211
55 51 345
55 52 482
55 53 300
55 54 389
55 55 0
55 56 372
55 57 627
55 58 584
55 59 577
55 60 608
55 61 628
55 62 709
55 63 423
55 64 514
55 65 699
55 66 385
55 67 382
55 68 661
55 69 122
55 70 452
55 71 722
55 72 440
55 73 527
55 74 186
55 75 288
55 76 368
55 77 512
55 78 143
55 79 702
55 80 296
55 81 3
55 82 84
55 83 276
55 84 660
55 85 339
55 86 229
55 87 312
55 88 565
55 89 329
55 90 378
55 91 8
55 92 698
55 93 418
55 94 470
55 95 617
55 96 365
55 97 739
55 98 644
55 99 475
56 0 153
56 1 831
56 2 742
56 3 42
56 4 898
56 5 38
56 6 765
56 7 807
56 8 171
56 9 788
56 10 687
56 11 827
56 12 825
56 13 320
56 14 623
56 15 692
56 16 578
56 17 183
56 18 736
56 19 565
56 20 873
56 21 169
56 22 325
56 23 464
56 24 312
56 25 463
56 26 536
56 27 687
56 28 320
56 29 753
56 30 460
56 31 70
56 32 162
56 33 397
56 34 991
56 35 835
56 36 524
56 37 478
56 38 480
56 39 325
56 40 976
56 41 584
56 42 538
56 43 440
56 44 788
56 45 295
56 46 790
56 47 649
56 48 635
56 49 217
56 50 289
56 51 181
56 52 827
56 53 660
56 54 455
56 55 372
56 56 0
56 57 789
56 58 581
56 59 585
56 60 757
56 61 642
56 62 1047
56 63 781
56 64 772
56 65 958
56 66 688
56 67 728
56 68 843
56 69 379
56 70 115
56 71 1035
56 72 362
56 73 734
56 74 378
56 75 86
56 76 714
56 77 740
56 78 451
56 79 653
56 80 201
56 81 369
56 82 328
56 83 540
56 84 855
56 85 631
56 86 557
56 87 136
56 88 839
56 89 116
56 90 35
56 91 365
56 92 613
56 93 144
56 94 799
56 95 512
56 96 680
56 97 1055
56 98 755
56 99 168
57 0 693
57 1 898
57 2 853
57 3 766
57 4 460
57 5 803
57 6 394
57 7 396
57 8 960
57 9 510
57 10 628
57 11 151
57 12 165
57 13 729
57 14 362
57 15 138
57 16 270
57 17 937
57 18 445
57 19 815
57 20 1010
57 21 620
57 22 859
57 23 331
57 24 912
57 25 689
57 26 553
57 27 102
57 28 665
57 29 299
57 30 586
57 31 857
57 32 950
57 33 832
57 34 446
57 35 615
57 36 375
57 37 356
57 38 504
57 39 478
57 40 348
57 41 206
57 42 454
57 43 547
57 44 135
57 45 933
57 46 250
57 47 629
57 48 209
57 49 935
57 50 820
57 51 616
57 52 905
57 53 746
57 54 335
57 55 627
57 56 789
57 57 0
57 58 318
57 59 302
57 60 36
57 61 284
57 62 550
57 63 530
57 64 219
57 65 270
57 66 917
57 67 470
57 68 63
57 69 511
57 70 770
57 71 455
57 72 474
57 73 122
57 74 462
57 75 725
57 76 472
57 77 160
57 78 488
57 79 398
57 80 587
57 81 629
57 82 704
57 83 873
57 84 89
57 85 344
57 86 452
57 87 653
57 88 262
57 89 837
57 90 765
57 91 624
57 92 455
57 93 916
57 94 936
57 95 476
57 96 888
57 97 476
57 98 102
57 99 955
58 0 541
58 1 996
58 2 928
58 3 547
58 4 701
58 5 607
58 6 592
58 7 614
58 8 743
58 9 691
58 10 735
58 11 444
58 12 453
58 13 653
58 14 76
58 15 328
58 16 62
58 17 756
58 18 616
58 19 827
58 20 1092
58 21 424
58 22 763
58 23 268
58 24 797
58 25 683
58 26 602
58 27 246
58 28 594
58 29 173
58 30 591
58 31 651
58 32 727
58 33 771
58 34 726
58 35 789
58 36 421
58 37 349
58 38 188
58 39 261
58 40 647
58 41 234
58 42 512
58 43 543
58 44 242
58 45 806
58 46 495
58 47 719
58 48 110
58 49 773
58 50 718
58 51 400
58 52 999
58 53 815
58 54 195
58 55 584
58 56 581
58 57 318
58 58 0
58 59 17
58 60 283
58 61 62
58 62 822
58 63 702
58 64 462
58 65 581
58 66 953
58 67 631
58 68 381
58 69 465
58 70 525
58 71 747
58 72 218
58 73 360
58 74 399
58 75 544
58 76 626
58 77 395
58 78 489
58 79 127
58 80 396
58 81 585
58 82 634
58 83 861
58 84 407
58 85 471
58 86 522
58 87 453
58 88 530
58 89 663
58 90 549
58 91 577
58 92 155
58 93 724
58 94 1010
58 95 158
58 96 928
58 97 769
58 98 232
58 99 747
59 0 541
59 1 984
59 2 917
59 3 552
59 4 685
59 5 610
59 6 576
59 7 597
59 8 748
59 9 675
59 10 723
59 11 427
59 12 436
59 13 649
59 14 89
59 15 311
59 16 46
59 17 759
59 18 601
59 19 819
59 20 1081
59 21 427
59 22 760
59 23 258
59 24 796
59 25 675
59 26 590
59 27 229
59 28 589
59 29 172
59 30 582
59 31 655
59 32 733
59 33 766
59 34 709
59 35 774
59 36 409
59 37 337
59 38 203
59 39 263
59 40 630
59 41 218
59 42 500
59 43 534
59 44 229
59 45 805
59 46 478
59 47 707
59 48 93
59 49 774
59 50 715
59 51 403
59 52 988
59 53 804
59 54 187
59 55 577
59 56 585
59 57 302
59 58 17
59 59 0
59 60 266
59 61 57
59 62 805
59 63 687
59 64 445
59 65 563
59 66 943
59 67 616
59 68 365
59 69 458
59 70 532
59 71 730
59 72 224
59 73 342
59 74 391
59 75 546
59 76 611
59 77 378
59 78 479
59 79 140
59 80 398
59 81 578
59 82 629
59 83 853
59 84 391
59 85 457
59 86 510
59 87 455
59 88 513
59 89 665
59 90 554
59 91 571
59 92 172
59 93 727
59 94 999
59 95 174
59 96 919
59 97 752
59 98 217
59 99 752
60 0 665
60 1 897
60 2 849
60 3 734
60 4 477
60 5 773
60 6 402
60 7 408
60 8 928
60 9 517
60 10 626
60 11 176
60 12 189
60 13 708
60 14 328
60 15 131
60 16 234
60 17 908
60 18 450
60 19 804
60 20 1008
60 21 588
60 22 837
60 23 303
60 24 888
60 25 674
60 26 543
60 27 71
60 28 643
60 29 273
60 30 572
60 31 826
60 32 918
60 33 813
60 34 471
60 35 622
60 36 360
60 37 334
60 38 468
60 39 444
60 40 377
60 41 179
60 42 443
60 43 531
60 44 118
60 45 909
60 46 264
60 47 625
60 48 173
60 49 908
60 50 797
60 51 583
60 52 904
60 53 741
60 54 302
60 55 608
60 56 757
60 57 36
60 58 283
60 59 266
60 60 0
60 61 250
60 62 574
60 63 536
60 64 232
60 65 302
60 66 908
60 67 474
60 68 99
60 69 490
60 70 736
60 71 483
60 72 439
60 73 127
60 74 438
60 75 695
60 76 474
60 77 167
60 78 471
60 79 366
60 80 556
60 81 610
60 82 683
60 83 859
60 84 124
60 85 339
60 86 443
60 87 621
60 88 283
60 89 809
60 90 733
60 91 605
60 92 422
60 93 887
60 94 932
60 95 440
60 96 880
60 97 504
60 98 77
60 99 924
61 0 598
61 1 1023
61 2 959
61 3 609
61 4 696
61 5 668
61 6 594
61 7 613
61 8 805
61 9 699
61 10 758
61 11 421
61 12 432
61 13 703
61 14 78
61 15 319
61 16 85
61 17 817
61 18 625
61 19 867
61 20 1123
61 21 484
61 22 816
61 23 304
61 24 852
61 25 724
61 26 632
61 27 229
61 28 642
61 29 115
61 30 629
61 31 712
61 32 789
61 33 820
61 34 711
61 35 800
61 36 447
61 37 380
61 38 238
61 39 321
61 40 624
61 41 244
61 42 539
61 43 581
61 44 190
61 45 862
61 46 485
61 47 745
61 48 91
61 49 832
61 50 771
61 51 461
61 52 1027
61 53 845
61 54 239
61 55 628
61 56 642
61 57 284
61 58 62
61 59 57
61 60 250
61 61 0
61 62 810
61 63 712
61 64 452
61 65 552
61 66 990
61 67 642
61 68 345
61 69 508
61 70 587
61 71 728
61 72 280
61 73 345
61 74 442
61 75 603
61 76 638
61 77 383
61 78 525
61 79 120
61 80 455
61 81 629
61 82 683
61 83 904
61 84 373
61 85 484
61 86 548
61 87 513
61 88 516
61 89 723
61 90 611
61 91 622
61 92 172
61 93 785
61 94 1042
61 95 204
61 96 965
61 97 749
61 98 189
61 99 809
62 0 900
62 1 619
62 2 633
62 3 1046
62 4 149
62 5 1041
62 6 282
62 7 242
62 8 1197
62 9 279
62 10 454
62 11 398
62 12 384
62 13 812
62 14 885
62 15 494
62 16 761
62 17 1120
62 18 314
62 19 722
62 20 732
62 21 908
62 22 929
62 23 653
62 24 996
62 25 682
62 26 539
62 27 581
62 28 768
62 29 847
62 30 619
62 31 1097
62 32 1199
62 33 854
62 34 104
62 35 304
62 36 530
62 37 596
62 38 981
62 39 845
62 40 218
62 41 600
62 42 509
62 43 620
62 44 684
62 45 1034
62 46 326
62 47 487
62 48 720
62 49 1090
62 50 911
62 51 932
62 52 631
62 53 581
62 54 720
62 55 709
62 56 1047
62 57 550
62 58 822
62 59 805
62 60 574
62 61 810
62 62 0
62 63 297
62 64 360
62 65 310
62 66 746
62 67 327
62 68 508
62 69 667
62 70 1087
62 71 118
62 72 880
62 73 465
62 74 674
62 75 962
62 76 341
62 77 427
62 78 597
62 79 930
62 80 883
62 81 712
62 82 788
62 83 801
62 84 478
62 85 424
62 86 491
62 87 937
62 88 294
62 89 1033
62 90 1039
62 91 713
62 92 976
62 93 1123
62 94 689
62 95 965
62 96 719
62 97 110
62 98 650
62 99 1178
63 0 629
63 1 390
63 2 373
63 3 787
63 4 171
63 5 770
63 6 137
63 7 150
63 8 920
63 9 24
63 10 162
63 11 405
63 12 390
63 13 521
63 14 776
63 15 411
63 16 641
63 17 834
63 18 87
63 19 430
63 20 508
63 21 662
63 22 633
63 23 466
63 24 700
63 25 385
63 26 251
63 27 505
63 28 482
63 29 786
63 30 331
63 31 823
63 32 924
63 33 556
63 34 293
63 35 88
63 36 309
63 37 389
63 38 822
63 39 639
63 40 363
63 41 469
63 42 250
63 43 342
63 44 654
63 45 739
63 46 289
63 47 192
63 48 623
63 49 800
63 50 617
63 51 693
63 52 400
63 53 297
63 54 546
63 55 423
63 56 781
63 57 530
63 58 702
63 59 687
63 60 536
63 61 712
63 62 297
63 63 0
63 64 314
63 65 421
63 66 473
63 67 71
63 68 520
63 69 406
63 70 838
63 71 345
63 72 688
63 73 409
63 74 433
63 75 695
63 76 79
63 77 369
63 78 334
63 79 826
63 80 642
63 81 426
63 82 498
63 83 508
63 84 500
63 85 231
63 86 232
63 87 686
63 88 303
63 89 752
63 90 779
63 91 429
63 92 856
63 93 842
63 94 445
63 95 816
63 96 444
63 97 356
63 98 608
63 99 898
64 0 645
64 1 694
64 2 659
64 3 761
64 4 247
64 5 776
64 6 176
64 7 176
64 8 938
64 9 293
64 10 430
64 11 96
64 12 83
64 13 624
64 14 526
64 15 133
64 16 401
64 17 887
64 18 233
64 19 652
64 20 809
64 21 613
64 22 756
64 23 323
64 24 817
64 25 545
64 26 393
64 27 223
64 28 564
64 29 501
64 30 448
64 31 833
64 32 933
64 33 708
64 34 266
64 35 397
64 36 262
64 37 293
64 38 625
64 39 514
64 40 209
64 41 244
64 42 305
64 43 422
64 44 351
64 45 846
64 46 33
64 47 438
64 48 361
64 49 872
64 50 724
64 51 625
64 52 702
64 53 559
64 54 376
64 55 514
64 56 772
64 57 219
64 58 462
64 59 445
64 60 232
64 61 452
64 62 360
64 63 314
64 64 0
64 65 189
64 66 736
64 67 260
64 68 206
64 69 422
64 70 786
64 71 293
64 72 538
64 73 109
64 74 398
64 75 694
64 76 264
64 77 69
64 78 371
64 79 572
64 80 583
64 81 517
64 82 598
64 83 718
64 84 188
64 85 177
64 86 296
64 87 644
64 88 73
64 89 790
64 90 756
64 91 514
64 92 617
64 93 878
64 94 739
64 95 606
64 96 707
64 97 315
64 98 309
64 99 925
65 0 834
65 1 811
65 2 793
65 3 945
65 4 279
65 5 964
65 6 300
65 7 272
65 8 1125
65 9 397
65 10 569
65 11 141
65 12 137
65 13 810
65 14 630
65 15 280
65 16 526
65 17 1076
65 18 365
65 19 815
65 20 929
65 21 796
65 22 941
65 23 501
65 24 1003
65 25 721
65 26 566
65 27 336
65 28 751
65 29 565
65 30 629
65 31 1020
65 32 1120
65 33 889
65 34 208
65 35 486
65 36 451
65 37 480
65 38 761
65 39 685
65 40 92
65 41 401
65 42 487
65 43 606
65 44 396
65 45 1034
65 46 180
65 47 586
65 48 471
65 49 1061
65 50 910
65 51 805
65 52 821
65 53 705
65 54 541
65 55 699
65 56 958
65 57 270
65 58 581
65 59 563
65 60 302
65 61 552
65 62 310
65 63 421
65 64 189
65 65 0
65 66 884
65 67 392
65 68 214
65 69 611
65 70 966
65 71 199
65 72 699
65 73 238
65 74 586
65 75 882
65 76 401
65 77 220
65 78 558
65 79 668
65 80 765
65 81 702
65 82 784
65 83 886
65 84 184
65 85 359
65 86 475
65 87 828
65 88 136
65 89 979
65 90 941
65 91 700
65 92 724
65 93 1066
65 94 867
65 95 736
65 96 854
65 97 216
65 98 371
65 99 1114
66 0 560
66 1 186
66 2 121
66 3 718
66 4 644
66 5 657
66 6 584
66 7 613
66 8 749
66 9 497
66 10 316
66 11 833
66 12 820
66 13 375
66 14 1027
66 15 778
66 16 905
66 17 629
66 18 519
66 19 132
66 20 186
66 21 673
66 22 383
66 23 686
66 24 433
66 25 274
66 26 366
66 27 852
66 28 404
66 29 1094
66 30 361
66 31 690
66 32 765
66 33 295
66 34 764
66 35 442
66 36 555
66 37 611
66 38 987
66 39 760
66 40 835
66 41 768
66 42 467
66 43 409
66 44 1012
66 45 473
66 46 724
66 47 299
66 48 919
66 49 574
66 50 405
66 51 719
66 52 176
66 53 179
66 54 757
66 55 385
66 56 688
66 57 917
66 58 953
66 59 943
66 60 908
66 61 990
66 62 746
66 63 473
66 64 736
66 65 884
66 66 0
66 67 492
66 68 930
66 69 490
66 70 793
66 71 816
66 72 825
66 73 797
66 74 556
66 75 621
66 76 483
66 77 768
66 78 464
66 79 1076
66 80 674
66 81 385
66 82 376
66 83 152
66 84 919
66 85 574
66 86 465
66 87 676
66 88 754
66 89 596
66 90 708
66 91 393
66 92 1077
66 93 661
66 94 123
66 95 1000
66 96 29
66 97 825
66 98 963
66 99 717
67 0 578
67 1 434
67 2 403
67 3 731
67 4 184
67 5 719
67 6 92
67 7 123
67 8 873
67 9 65
67 10 177
67 11 355
67 12 340
67 13 485
67 14 705
67 15 346
67 16 570
67 17 793
67 18 27
67 19 429
67 20 550
67 21 602
67 22 605
67 23 395
67 24 672
67 25 361
67 26 213
67 27 439
67 28 441
67 29 718
67 30 292
67 31 774
67 32 876
67 33 535
67 34 300
67 35 158
67 36 240
67 37 319
67 38 751
67 39 571
67 40 347
67 41 398
67 42 190
67 43 294
67 44 591
67 45 709
67 46 240
67 47 195
67 48 553
67 49 763
67 50 585
67 51 631
67 52 442
67 53 312
67 54 475
67 55 382
67 56 728
67 57 470
67 58 631
67 59 616
67 60 474
67 61 642
67 62 327
67 63 71
67 64 260
67 65 392
67 66 492
67 67 0
67 68 466
67 69 349
67 70 779
67 71 351
67 72 619
67 73 347
67 74 369
67 75 642
67 76 14
67 77 309
67 78 277
67 79 755
67 80 580
67 81 385
67 82 461
67 83 505
67 84 448
67 85 159
67 86 171
67 87 627
67 88 263
67 89 707
67 90 724
67 91 386
67 92 784
67 93 797
67 94 481
67 95 744
67 96 462
67 97 366
67 98 544
67 99 853
68 0 742
68 1 899
68 2 860
68 3 822
68 4 431
68 5 856
68 6 383
68 7 378
68 8 1014
68 9 499
68 10 632
68 11 119
68 12 134
68 13 766
68 14 423
68 15 167
68 16 333
68 17 986
68 18 440
68 19 836
68 20 1013
68 21 674
68 22 897
68 23 381
68 24 952
68 25 715
68 26 573
68 27 159
68 28 702
68 29 350
68 30 613
68 31 910
68 32 1005
68 33 864
68 34 403
68 35 602
68 36 404
68 37 396
68 38 568
68 39 537
68 40 298
68 41 258
68 42 475
68 43 577
68 44 181
68 45 976
68 46 232
68 47 637
68 48 272
68 49 983
68 50 859
68 51 672
68 52 907
68 53 756
68 54 393
68 55 661
68 56 843
68 57 63
68 58 381
68 59 365
68 60 99
68 61 345
68 62 508
68 63 520
68 64 206
68 65 214
68 66 930
68 67 466
68 68 0
68 69 549
68 70 828
68 71 407
68 72 535
68 73 136
68 74 505
68 75 777
68 76 469
68 77 162
68 78 519
68 79 457
68 80 642
68 81 664
68 82 740
68 83 896
68 84 30
68 85 357
68 86 471
68 87 707
68 88 233
68 89 887
68 90 820
68 91 659
68 92 516
68 93 968
68 94 941
68 95 539
68 96 901
68 97 427
68 98 158
68 99 1008
69 0 234
69 1 562
69 2 484
69 3 382
69 4 518
69 5 374
69 6 387
69 7 429
69 8 532
69 9 412
69 10 343
69 11 496
69 12 490
69 13 217
69 14 538
69 15 382
69 16 422
69 17 468
69 18 356
69 19 362
69 20 644
69 21 257
69 22 347
69 23 208
69 24 403
69 25 217
69 26 182
69 27 421
69 28 153
69 29 618
69 30 135
69 31 430
69 32 532
69 33 324
69 34 615
69 35 469
69 36 159
69 37 155
69 38 502
69 39 279
69 40 613
69 41 318
69 42 159
69 43 90
69 44 569
69 45 428
69 46 432
69 47 312
69 48 448
69 49 451
69 50 309
69 51 292
69 52 563
69 53 374
69 54 270
69 55 122
69 56 379
69 57 511
69 58 465
69 59 458
69 60 490
69 61 508
69 62 667
69 63 406
69 64 422
69 65 611
69 66 490
69 67 349
69 68 549
69 69 0
69 70 431
69 71 661
69 72 343
69 73 418
69 74 66
69 75 294
69 76 336
69 77 409
69 78 72
69 79 586
69 80 240
69 81 123
69 82 192
69 83 396
69 84 551
69 85 260
69 86 178
69 87 280
69 88 481
69 89 374
69 90 374
69 91 117
69 92 586
69 93 463
69 94 561
69 95 512
69 96 468
69 97 680
69 98 523
69 99 515
70 0 237
70 1 927
70 2 839
70 3 76
70 4 939
70 5 153
70 6 805
70 7 845
70 8 227
70 9 842
70 10 761
70 11 829
70 12 829
70 13 419
70 14 556
70 15 690
70 16 534
70 17 285
70 18 783
70 19 666
70 20 976
70 21 178
70 22 439
70 23 464
70 24 428
70 25 553
70 26 604
70 27 669
70 28 407
70 29 692
70 30 534
70 31 162
70 32 207
70 33 507
70 34 1022
70 35 900
70 36 557
70 37 498
70 38 396
70 39 292
70 40 995
70 41 574
70 42 589
70 43 505
70 44 750
70 45 410
70 46 808
70 47 725
70 48 596
70 49 327
70 50 401
70 51 160
70 52 924
70 53 750
70 54 435
70 55 452
70 56 115
70 57 770
70 58 525
70 59 532
70 60 736
70 61 587
70 62 1087
70 63 838
70 64 786
70 65 966
70 66 793
70 67 779
70 68 828
70 69 431
70 70 0
70 71 1063
70 72 309
70 73 733
70 74 413
70 75 172
70 76 766
70 77 745
70 78 504
70 79 579
70 80 205
70 81 450
70 82 423
70 83 647
70 84 844
70 85 664
70 86 608
70 87 151
70 88 857
70 89 231
70 90 87
70 91 444
70 92 532
70 93 239
70 94 900
70 95 432
70 96 783
70 97 1084
70 98 723
70 99 240
71 0 895
71 1 706
71 2 708
71 3 1030
71 4 173
71 5 1034
71 6 279
71 7 237
71 8 1193
71 9 323
71 10 507
71 11 307
71 12 296
71 13 830
71 14 805
71 15 422
71 16 688
71 17 1126
71 18 331
71 19 774
71 20 822
71 21 886
71 22 954
71 23 610
71 24 1020
71 25 713
71 26 561
71 27 501
71 28 780
71 29 754
71 30 637
71 31 1090
71 32 1192
71 33 886
71 34 52
71 35 378
71 36 510
71 37 565
71 38 917
71 39 803
71 40 109
71 41 538
71 42 511
71 43 629
71 44 587
71 45 1056
71 46 264
71 47 536
71 48 641
71 49 1102
71 50 931
71 51 904
71 52 718
71 53 642
71 54 669
71 55 722
71 56 1035
71 57 455
71 58 747
71 59 730
71 60 483
71 61 728
71 62 118
71 63 345
71 64 293
71 65 199
71 66 816
71 67 351
71 68 407
71 69 661
71 70 1063
71 71 0
71 72 830
71 73 388
71 74 656
71 75 952
71 76 365
71 77 355
71 78 595
71 79 847
71 80 858
71 81 725
71 82 805
71 83 851
71 84 377
71 85 403
71 86 494
71 87 916
71 88 220
71 89 1034
71 90 1024
71 91 725
71 92 898
71 93 1125
71 94 772
71 95 896
71 96 787
71 97 21
71 98 557
71 99 1177
72 0 340
72 1 905
72 2 827
72 3 328
72 4 740
72 5 390
72 6 611
72 7 644
72 8 524
72 9 684
72 10 672
72 11 558
72 12 562
72 13 483
72 14 263
72 15 419
72 16 224
72 17 540
72 18 613
72 19 694
72 20 986
72 21 213
72 22 575
72 23 228
72 24 600
72 25 551
72 26 516
72 27 377
72 28 432
72 29 390
72 30 478
72 31 432
72 32 509
72 33 600
72 34 798
72 35 768
72 36 379
72 37 299
72 38 162
72 39 65
72 40 745
72 41 298
72 42 451
72 43 432
72 44 441
72 45 603
72 46 566
72 47 645
72 48 287
72 49 561
72 50 529
72 51 183
72 52 906
72 53 717
72 54 161
72 55 440
72 56 362
72 57 474
72 58 218
72 59 224
72 60 439
72 61 280
72 62 880
72 63 688
72 64 538
72 65 699
72 66 825
72 67 619
72 68 535
72 69 343
72 70 309
72 71 830
72 72 0
72 73 461
72 74 283
72 75 332
72 76 609
72 77 483
72 78 394
72 79 298
72 80 189
72 81 440
72 82 469
72 83 711
72 84 555
72 85 469
72 86 468
72 87 238
72 88 611
72 89 450
72 90 330
72 91 432
72 92 271
72 93 506
72 94 904
72 95 179
72 96 805
72 97 852
72 98 416
72 99 529
73 0 622
73 1 775
73 2 731
73 3 718
73 4 356
73 5 744
73 6 275
73 7 282
73 8 904
73 9 390
73 10 505
73 11 96
73 12 100
73 13 633
73 14 420
73 15 43
73 16 300
73 17 867
73 18 323
73 19 700
73 20 887
73 21 568
73 22 765
73 23 270
73 24 822
73 25 579
73 26 437
73 27 115
73 28 570
73 29 392
73 30 477
73 31 800
73 32 897
73 33 730
73 34 367
73 35 495
73 36 269
73 37 269
73 38 530
73 39 448
73 40 290
73 41 163
73 42 339
73 43 441
73 44 246
73 45 847
73 46 142
73 47 507
73 48 255
73 49 860
73 50 728
73 51 573
73 52 782
73 53 625
73 54 304
73 55 527
73 56 734
73 57 122
73 58 360
73 59 342
73 60 127
73 61 345
73 62 465
73 63 409
73 64 109
73 65 238
73 66 797
73 67 347
73 68 136
73 69 418
73 70 733
73 71 388
73 72 461
73 73 0
73 74 379
73 75 663
73 76 349
73 77 41
73 78 384
73 79 465
73 80 537
73 81 530
73 82 608
73 83 760
73 84 133
73 85 223
73 86 336
73 87 601
73 88 171
73 89 768
73 90 715
73 91 525
73 92 512
73 93 852
73 94 813
73 95 509
73 96 768
73 97 409
73 98 202
73 99 896
74 0 247
74 1 622
74 2 546
74 3 373
74 4 526
74 5 379
74 6 392
74 7 432
74 8 541
74 9 434
74 10 391
74 11 463
74 12 459
74 13 272
74 14 472
74 15 340
74 16 357
74 17 491
74 18 371
74 19 429
74 20 707
74 21 234
74 22 399
74 23 145
74 24 449
74 25 284
74 26 233
74 27 368
74 28 208
74 29 553
74 30 198
74 31 436
74 32 538
74 33 384
74 34 613
74 35 503
74 36 146
74 37 110
74 38 440
74 39 222
74 40 598
74 41 262
74 42 182
74 43 150
74 44 510
74 45 471
74 46 413
74 47 362
74 48 385
74 49 480
74 50 358
74 51 261
74 52 623
74 53 435
74 54 204
74 55 186
74 56 378
74 57 462
74 58 399
74 59 391
74 60 438
74 61 442
74 62 674
74 63 433
74 64 398
74 65 586
74 66 556
74 67 369
74 68 505
74 69 66
74 70 413
74 71 656
74 72 283
74 73 379
74 74 0
74 75 297
74 76 357
74 77 375
74 78 111
74 79 520
74 80 210
74 81 187
74 82 249
74 83 462
74 84 509
74 85 253
74 86 201
74 87 262
74 88 462
74 89 393
74 90 367
74 91 180
74 92 521
74 93 480
74 94 625
74 95 448
74 96 533
74 97 677
74 98 466
74 99 528
75 0 68
75 1 755
75 2 667
75 3 101
75 4 813
75 5 82
75 6 681
75 7 723
75 8 243
75 9 702
75 10 602
75 11 753
75 12 751
75 13 246
75 14 595
75 15 621
75 16 533
75 17 215
75 18 650
75 19 493
75 20 804
75 21 119
75 22 279
75 23 396
75 24 283
75 25 383
75 26 450
75 27 624
75 28 238
75 29 717
75 30 375
75 31 138
75 32 240
75 33 338
75 34 907
75 35 749
75 36 442
75 37 401
75 38 469
75 39 282
75 40 896
75 41 519
75 42 453
75 43 354
75 44 736
75 45 278
75 46 711
75 47 565
75 48 586
75 49 229
75 50 237
75 51 151
75 52 752
75 53 581
75 54 398
75 55 288
75 56 86
75 57 725
75 58 544
75 59 546
75 60 695
75 61 603
75 62 962
75 63 695
75 64 694
75 65 882
75 66 621
75 67 642
75 68 777
75 69 294
75 70 172
75 71 952
75 72 332
75 73 663
75 74 297
75 75 0
75 76 628
75 77 666
75 78 365
75 79 629
75 80 148
75 81 285
75 82 251
75 83 476
75 84 787
75 85 549
75 86 472
75 87 94
75 88 760
75 89 119
75 90 91
75 91 280
75 92 597
75 93 191
75 94 727
75 95 498
75 96 610
75 97 972
75 98 700
75 99 232
76 0 564
76 1 429
76 2 396
76 3 718
76 4 198
76 5 705
76 6 101
76 7 135
76 8 859
76 9 76
76 10 168
76 11 360
76 12 346
76 13 471
76 14 700
76 15 346
76 16 565
76 17 779
76 18 37
76 19 418
76 20 544
76 21 589
76 22 591
76 23 387
76 24 658
76 25 348
76 26 199
76 27 438
76 28 427
76 29 716
76 30 278
76 31 760
76 32 862
76 33 521
76 34 313
76 35 163
76 36 230
76 37 310
76 38 743
76 39 560
76 40 359
76 41 394
76 42 177
76 43 280
76 44 591
76 45 695
76 46 246
76 47 184
76 48 550
76 49 749
76 50 571
76 51 619
76 52 437
76 53 303
76 54 467
76 55 368
76 56 714
76 57 472
76 58 626
76 59 611
76 60 474
76 61 638
76 62 341
76 63 79
76 64 264
76 65 401
76 66 483
76 67 14
76 68 469
76 69 336
76 70 766
76 71 365
76 72 609
76 73 349
76 74 357
76 75 628
76 76 0
76 77 312
76 78 264
76 79 751
76 80 568
76 81 371
76 82 447
76 83 492
76 84 452
76 85 154
76 86 158
76 87 614
76 88 271
76 89 693
76 90 711
76 91 372
76 92 779
76 93 783
76 94 475
76 95 737
76 96 453
76 97 380
76 98 544
76 99 839
77 0 622
77 1 739
77 2 698
77 3 726
77 4 316
77 5 748
77 6 235
77 7 241
77 8 909
77 9 350
77 10 471
77 11 88
77 12 85
77 13 621
77 14 458
77 15 67
77 16 334
77 17 866
77 18 285
77 19 674
77 20 853
77 21 576
77 22 753
77 23 280
77 24 811
77 25 558
77 26 412
77 27 154
77 28 559
77 29 432
77 30 457
77 31 804
77 32 903
77 33 713
77 34 331
77 35 455
77 36 254
77 37 266
77 38 561
77 39 465
77 40 262
77 41 185
77 42 316
77 43 424
77 44 286
77 45 838
77 46 102
77 47 474
77 48 292
77 49 856
77 50 718
77 51 584
77 52 747
77 53 594
77 54 323
77 55 512
77 56 740
77 57 160
77 58 395
77 59 378
77 60 167
77 61 383
77 62 427
77 63 369
77 64 69
77 65 220
77 66 768
77 67 309
77 68 162
77 69 409
77 70 745
77 71 355
77 72 483
77 73 41
77 74 375
77 75 666
77 76 312
77 77 0
77 78 369
77 79 503
77 80 545
77 81 515
77 82 595
77 83 737
77 84 152
77 85 194
77 86 311
77 87 609
77 88 135
77 89 768
77 90 722
77 91 512
77 92 549
77 93 853
77 94 780
77 95 541
77 96 738
77 97 377
77 98 243
77 99 899
78 0 303
78 1 514
78 2 441
78 3 454
78 4 448
78 5 444
78 6 318
78 7 361
78 8 601
78 9 339
78 10 279
78 11 453
78 12 445
78 13 253
78 14 565
78 15 352
78 16 440
78 17 531
78 18 284
78 19 344
78 20 604
78 21 329
78 22 385
78 23 221
78 24 445
78 25 205
78 26 121
78 27 406
78 28 193
78 29 629
78 30 105
78 31 499
78 32 602
78 33 345
78 34 548
78 35 398
78 36 114
78 37 148
78 38 549
78 39 334
78 40 553
78 41 310
78 42 87
78 43 60
78 44 561
78 45 475
78 46 378
78 47 251
78 48 456
78 49 509
78 50 352
78 51 362
78 52 516
78 53 329
78 54 296
78 55 143
78 56 451
78 57 488
78 58 489
78 59 479
78 60 471
78 61 525
78 62 597
78 63 334
78 64 371
78 65 558
78 66 464
78 67 277
78 68 519
78 69 72
78 70 504
78 71 595
78 72 394
78 73 384
78 74 111
78 75 365
78 76 264
78 77 369
78 78 0
78 79 614
78 80 310
78 81 146
78 82 227
78 83 390
78 84 517
78 85 200
78 86 106
78 87 352
78 88 424
78 89 439
78 90 447
78 91 143
78 92 622
78 93 529
78 94 522
78 95 554
78 96 439
78 97 614
78 98 514
78 99 582
79 0 637
79 1 1122
79 2 1054
79 3 615
79 4 816
79 5 683
79 6 712
79 7 731
79 8 804
79 9 814
79 10 862
79 11 540
79 12 551
79 13 765
79 14 50
79 15 439
79 16 185
79 17 834
79 18 739
79 19 949
79 20 1218
79 21 511
79 22 868
79 23 394
79 24 896
79 25 804
79 26 728
79 27 349
79 28 708
79 29 140
79 30 715
79 31 721
79 32 786
79 33 883
79 34 831
79 35 914
79 36 548
79 37 475
79 38 188
79 39 354
79 40 743
79 41 357
79 42 639
79 43 667
79 44 288
79 45 901
79 46 605
79 47 846
79 48 210
79 49 858
79 50 822
79 51 479
79 52 1126
79 53 941
79 54 318
79 55 702
79 56 653
79 57 398
79 58 127
79 59 140
79 60 366
79 61 120
79 62 930
79 63 826
79 64 572
79 65 668
79 66 1076
79 67 755
79 68 457
79 69 586
79 70 579
79 71 847
79 72 298
79 73 465
79 74 520
79 75 629
79 76 751
79 77 503
79 78 614
79 79 0
79 80 487
79 81 703
79 82 748
79 83 979
79 84 486
79 85 596
79 86 649
79 87 535
79 88 636
79 89 747
79 90 619
79 91 695
79 92 67
79 93 797
79 94 1136
79 95 150
79 96 1052
79 97 868
79 98 299
79 99 814
80 0 151
80 1 780
80 2 696
80 3 181
80 4 735
80 5 218
80 6 601
80 7 640
80 8 372
80 9 644
80 10 582
80 11 631
80 12 630
80 13 310
80 14 450
80 15 494
80 16 384
80 17 363
80 18 582
80 19 542
80 20 847
80 21 32
80 22 389
80 23 266
80 24 411
80 25 408
80 26 421
80 27 485
80 28 270
80 29 570
80 30 361
80 31 270
80 32 362
80 33 423
80 34 817
80 35 709
80 36 352
80 37 293
80 38 340
80 39 135
80 40 791
80 41 383
80 42 391
80 43 324
80 44 590
80 45 414
80 46 604
80 47 549
80 48 439
80 49 376
80 50 343
80 51 52
80 52 779
80 53 595
80 54 254
80 55 296
80 56 201
80 57 587
80 58 396
80 59 398
80 60 556
80 61 455
80 62 883
80 63 642
80 64 583
80 65 765
80 66 674
80 67 580
80 68 642
80 69 240
80 70 205
80 71 858
80 72 189
80 73 537
80 74 210
80 75 148
80 76 568
80 77 545
80 78 310
80 79 487
80 80 0
80 81 295
80 82 301
80 83 546
80 84 655
80 85 459
80 86 410
80 87 65
80 88 653
80 89 267
80 90 178
80 91 288
80 92 460
80 93 335
80 94 766
80 95 364
80 96 658
80 97 879
80 98 556
80 99 368
81 0 217
81 1 486
81 2 400
81 3 385
81 4 567
81 5 352
81 6 445
81 7 488
81 8 495
81 9 438
81 10 317
81 11 600
81 12 592
81 13 107
81 14 656
81 15 496
81 16 544
81 17 408
81 18 400
81 19 253
81 20 552
81 21 300
81 22 239
81 23 331
81 24 300
81 25 112
81 26 175
81 27 542
81 28 56
81 29 740
81 30 95
81 31 402
81 32 501
81 33 202
81 34 676
81 35 470
81 36 261
81 37 276
81 38 603
81 39 374
81 40 692
81 41 440
81 42 218
81 43 97
81 44 692
81 45 332
81 46 522
81 47 279
81 48 572
81 49 377
81 50 208
81 51 343
81 52 484
81 53 302
81 54 390
81 55 3
81 56 369
81 57 629
81 58 585
81 59 578
81 60 610
81 61 629
81 62 712
81 63 426
81 64 517
81 65 702
81 66 385
81 67 385
81 68 664
81 69 123
81 70 450
81 71 725
81 72 440
81 73 530
81 74 187
81 75 285
81 76 371
81 77 515
81 78 146
81 79 703
81 80 295
81 81 0
81 82 81
81 83 276
81 84 663
81 85 343
81 86 232
81 87 311
81 88 568
81 89 326
81 90 376
81 91 7
81 92 698
81 93 415
81 94 471
81 95 617
81 96 366
81 97 743
81 98 646
81 99 472
82 0 185
82 1 504
82 2 416
82 3 351
82 4 645
82 5 304
82 6 525
82 7 567
82 8 434
82 9 511
82 10 375
82 11 680
82 12 672
82 13 26
82 14 703
82 15 573
82 16 599
82 17 337
82 18 477
82 19 246
82 20 556
82 21 297
82 22 158
82 23 394
82 24 219
82 25 136
82 26 248
82 27 614
82 28 41
82 29 796
82 30 169
82 31 349
82 32 443
82 33 136
82 34 755
82 35 534
82 36 340
82 37 348
82 38 630
82 39 404
82 40 774
82 41 509
82 42 299
82 43 178
82 44 759
82 45 251
82 46 603
82 47 336
82 48 633
82 49 302
82 50 126
82 51 343
82 52 501
82 53 332
82 54 444
82 55 84
82 56 328
82 57 704
82 58 634
82 59 629
82 60 683
82 61 683
82 62 788
82 63 498
82 64 598
82 65 784
82 66 376
82 67 461
82 68 740
82 69 192
82 70 423
82 71 805
82 72 469
82 73 608
82 74 249
82 75 251
82 76 447
82 77 595
82 78 227
82 79 748
82 80 301
82 81 81
82 82 0
82 83 244
82 84 741
82 85 424
82 86 313
82 87 299
82 88 649
82 89 264
82 90 341
82 91 83
82 92 736
82 93 350
82 94 478
82 95 649
82 96 363
82 97 822
82 98 715
82 99 408
83 0 419
83 1 325
83 2 242
83 3 572
83 4 678
83 5 508
83 6 592
83 7 628
83 8 596
83 9 529
83 10 347
83 11 812
83 12 801
83 13 237
83 14 932
83 15 734
83 16 819
83 17 476
83 18 529
83 19 78
83 20 338
83 21 540
83 22 230
83 23 602
83 24 282
83 25 185
83 26 325
83 27 796
83 28 278
83 29 1013
83 30 287
83 31 538
83 32 612
83 33 143
83 34 799
83 35 502
83 36 498
83 37 537
83 38 873
83 39 645
83 40 851
83 41 701
83 42 421
83 43 330
83 44 952
83 45 323
83 46 713
83 47 315
83 48 843
83 49 422
83 50 254
83 51 586
83 52 317
83 53 226
83 54 666
83 55 276
83 56 540
83 57 873
83 58 861
83 59 853
83 60 859
83 61 904
83 62 801
83 63 508
83 64 718
83 65 886
83 66 152
83 67 505
83 68 896
83 69 396
83 70 647
83 71 851
83 72 711
83 73 760
83 74 462
83 75 476
83 76 492
83 77 737
83 78 390
83 79 979
83 80 546
83 81 276
83 82 244
83 83 0
83 84 890
83 85 544
83 86 425
83 87 539
83 88 750
83 89 445
83 90 561
83 91 283
83 92 973
83 93 509
83 94 273
83 95 889
83 96 152
83 97 864
83 98 905
83 99 564
84 0 750
84 1 882
84 2 846
84 3 835
84 4 405
84 5 867
84 6 363
84 7 356
84 8 1026
84 9 478
84 10 617
84 11 95
84 12 111
84 13 767
84 14 451
84 15 169
84 16 358
84 17 995
84 18 421
84 19 827
84 20 997
84 21 687
84 22 898
84 23 391
84 24 954
84 25 710
84 26 565
84 27 178
84 28 703
84 29 380
84 30 609
84 31 922
84 32 1017
84 33 863
84 34 374
84 35 581
84 36 402
84 37 400
84 38 593
84 39 553
84 40 268
84 41 271
84 42 469
84 43 574
84 44 211
84 45 979
84 46 211
84 47 623
84 48 298
84 49 989
84 50 861
84 51 687
84 52 890
84 53 743
84 54 408
84 55 660
84 56 855
84 57 89
84 58 407
84 59 391
84 60 124
84 61 373
84 62 478
84 63 500
84 64 188
84 65 184
84 66 919
84 67 448
84 68 30
84 69 551
84 70 844
84 71 377
84 72 555
84 73 133
84 74 509
84 75 787
84 76 452
84 77 152
84 78 517
84 79 486
84 80 655
84 81 663
84 82 741
84 83 890
84 84 0
84 85 347
84 86 464
84 87 720
84 88 207
84 89 895
84 90 833
84 91 659
84 92 545
84 93 978
84 94 926
84 95 565
84 96 890
84 97 396
84 98 188
84 99 1019
85 0 492
85 1 559
85 2 510
85 3 627
85 4 277
85 5 630
85 6 144
85 7 181
85 8 790
85 9 221
85 10 288
85 11 268
85 12 257
85 13 450
85 14 546
85 15 208
85 16 410
85 17 728
85 18 147
85 19 480
85 20 668
85 21 486
85 22 581
85 23 241
85 24 644
85 25 368
85 26 218
85 27 293
85 28 393
85 29 566
85 30 271
85 31 686
85 32 789
85 33 531
85 34 359
85 35 317
85 36 107
85 37 174
85 38 594
85 39 427
85 40 354
85 41 240
85 42 128
85 43 246
85 44 451
85 45 675
85 46 179
85 47 285
85 48 397
85 49 708
85 50 551
85 51 508
85 52 565
85 53 402
85 54 319
85 55 339
85 56 631
85 57 344
85 58 471
85 59 457
85 60 339
85 61 484
85 62 424
85 63 231
85 64 177
85 65 359
85 66 574
85 67 159
85 68 357
85 69 260
85 70 664
85 71 403
85 72 469
85 73 223
85 74 253
85 75 549
85 76 154
85 77 194
85 78 200
85 79 596
85 80 459
85 81 343
85 82 424
85 83 544
85 84 347
85 85 0
85 86 119
85 87 515
85 88 225
85 89 634
85 90 621
85 91 340
85 92 625
85 93 723
85 94 592
85 95 586
85 96 545
85 97 423
85 98 403
85 99 774
86 0 409
86 1 475
86 2 415
86 3 560
86 4 342
86 5 550
86 6 215
86 7 257
86 8 706
86 9 235
86 10 213
86 11 387
86 12 377
86 13 339
86 14 599
86 15 313
86 16 466
86 17 633
86 18 178
86 19 364
86 20 578
86 21 431
86 22 468
86 23 260
86 24 532
86 25 249
86 26 101
86 27 387
86 28 286
86 29 642
86 30 153
86 31 605
86 32 708
86 33 413
86 34 445
86 35 303
86 36 101
86 37 177
86 38 612
86 39 413
86 40 460
86 41 310
86 42 19
86 43 135
86 44 547
86 45 565
86 46 296
86 47 197
86 48 467
86 49 607
86 50 440
86 51 461
86 52 480
86 53 303
86 54 342
86 55 229
86 56 557
86 57 452
86 58 522
86 59 510
86 60 443
86 61 548
86 62 491
86 63 232
86 64 296
86 65 475
86 66 465
86 67 171
86 68 471
86 69 178
86 70 608
86 71 494
86 72 468
86 73 336
86 74 201
86 75 472
86 76 158
86 77 311
86 78 106
86 79 649
86 80 410
86 81 232
86 82 313
86 83 425
86 84 464
86 85 119
86 86 0
86 87 456
86 88 339
86 89 543
86 90 552
86 91 232
86 92 667
86 93 633
86 94 498
86 95 612
86 96 437
86 97 512
86 98 498
86 99 687
87 0 123
87 1 795
87 2 709
87 3 116
87 4 788
87 5 155
87 6 654
87 7 695
87 8 307
87 9 691
87 10 614
87 11 695
87 12 694
87 13 302
87 14 502
87 15 558
87 16 445
87 17 303
87 18 631
87 19 545
87 20 854
87 21 33
87 22 361
87 23 330
87 24 373
87 25 419
87 26 455
87 27 551
87 28 275
87 29 626
87 30 388
87 31 205
87 32 297
87 33 408
87 34 874
87 35 749
87 36 407
87 37 352
87 38 376
87 39 193
87 40 851
87 41 449
87 42 437
87 43 356
87 44 653
87 45 370
87 46 664
87 47 579
87 48 501
87 49 322
87 50 316
87 51 57
87 52 793
87 53 613
87 54 319
87 55 312
87 56 136
87 57 653
87 58 453
87 59 455
87 60 621
87 61 513
87 62 937
87 63 686
87 64 644
87 65 828
87 66 676
87 67 627
87 68 707
87 69 280
87 70 151
87 71 916
87 72 238
87 73 601
87 74 262
87 75 94
87 76 614
87 77 609
87 78 352
87 79 535
87 80 65
87 81 311
87 82 299
87 83 539
87 84 720
87 85 515
87 86 456
87 87 0
87 88 714
87 89 211
87 90 113
87 91 304
87 92 503
87 93 272
87 94 775
87 95 404
87 96 662
87 97 937
87 98 620
87 99 304
88 0 709
88 1 693
88 2 667
88 3 830
88 4 199
88 5 842
88 6 171
88 7 154
88 8 1004
88 9 280
88 10 440
88 11 114
88 12 98
88 13 675
88 14 592
88 15 203
88 16 470
88 17 949
88 18 236
88 19 680
88 20 810
88 21 682
88 22 806
88 23 396
88 24 869
88 25 585
88 26 429
88 27 287
88 28 618
88 29 556
88 30 492
88 31 899
88 32 1000
88 33 752
88 34 196
88 35 379
88 36 321
88 37 361
88 38 696
88 39 587
88 40 138
88 41 317
88 42 351
88 43 471
88 44 398
88 45 900
88 46 49
88 47 454
88 48 426
88 49 931
88 50 776
88 51 696
88 52 702
88 53 574
88 54 450
88 55 565
88 56 839
88 57 262
88 58 530
88 59 513
88 60 283
88 61 516
88 62 294
88 63 303
88 64 73
88 65 136
88 66 754
88 67 263
88 68 233
88 69 481
88 70 857
88 71 220
88 72 611
88 73 171
88 74 462
88 75 760
88 76 271
88 77 135
88 78 424
88 79 636
88 80 653
88 81 568
88 82 649
88 83 750
88 84 207
88 85 225
88 86 339
88 87 714
88 88 0
88 89 853
88 90 825
88 91 566
88 92 683
88 93 941
88 94 744
88 95 677
88 96 724
88 97 242
88 98 360
88 99 990
89 0 146
89 1 752
89 2 663
89 3 158
89 4 885
89 5 77
89 6 757
89 7 800
89 8 169
89 9 763
89 10 639
89 11 856
89 12 852
89 13 249
89 14 713
89 15 727
89 16 652
89 17 99
89 18 719
89 19 480
89 20 783
89 21 238
89 22 219
89 23 506
89 24 197
89 25 399
89 26 501
89 27 737
89 28 270
89 29 837
89 30 421
89 31 93
89 32 178
89 33 301
89 34 987
89 35 796
89 36 531
89 37 501
89 38 582
89 39 402
89 40 987
89 41 630
89 42 525
89 43 413
89 44 853
89 45 179
89 46 804
89 47 600
89 48 704
89 49 110
89 50 191
89 51 268
89 52 746
89 53 592
89 54 515
89 55 329
89 56 116
89 57 837
89 58 663
89 59 665
89 60 809
89 61 723
89 62 1033
89 63 752
89 64 790
89 65 979
89 66 596
89 67 707
89 68 887
89 69 374
89 70 231
89 71 1034
89 72 450
89 73 768
89 74 393
89 75 119
89 76 693
89 77 768
89 78 439
89 79 747
89 80 267
89 81 326
89 82 264
89 83 445
89 84 895
89 85 634
89 86 543
89 87 211
89 88 853
89 89 0
89 90 149
89 91 323
89 92 713
89 93 90
89 94 712
89 95 613
89 96 591
89 97 1053
89 98 817
89 99 146
90 0 159
90 1 846
90 2 757
90 3 10
90 4 891
90 5 72
90 6 757
90 7 799
90 8 196
90 9 785
90 10 692
90 11 808
90 12 807
90 13 335
90 14 590
90 15 672
90 16 548
90 17 218
90 18 730
90 19 582
90 20 892
90 21 146
90 22 352
90 23 444
90 24 343
90 25 474
90 26 538
90 27 663
90 28 329
90 29 721
90 30 464
90 31 102
90 32 185
90 33 420
90 34 981
90 35 836
90 36 513
90 37 463
90 38 445
90 39 296
90 40 962
90 41 562
90 42 533
90 43 440
90 44 760
90 45 328
90 46 775
90 47 654
90 48 607
90 49 253
90 50 314
90 51 152
90 52 842
90 53 672
90 54 430
90 55 378
90 56 35
90 57 765
90 58 549
90 59 554
90 60 733
90 61 611
90 62 1039
90 63 779
90 64 756
90 65 941
90 66 708
90 67 724
90 68 820
90 69 374
90 70 87
90 71 1024
90 72 330
90 73 715
90 74 367
90 75 91
90 76 711
90 77 722
90 78 447
90 79 619
90 80 178
90 81 376
90 82 341
90 83 561
90 84 833
90 85 621
90 86 552
90 87 113
90 88 825
90 89 149
90 90 0
90 91 370
90 92 578
90 93 178
90 94 817
90 95 478
90 96 698
90 97 1044
90 98 728
90 99 198
91 0 212
91 1 493
91 2 408
91 3 380
91 4 568
91 5 347
91 6 445
91 7 488
91 8 492
91 9 440
91 10 322
91 11 596
91 12 589
91 13 110
91 14 649
91 15 492
91 16 537
91 17 406
91 18 400
91 19 261
91 20 560
91 21 293
91 22 241
91 23 325
91 24 303
91 25 120
91 26 178
91 27 537
91 28 55
91 29 733
91 30 98
91 31 398
91 32 498
91 33 208
91 34 676
91 35 473
91 36 257
91 37 271
91 38 595
91 39 367
91 40 691
91 41 434
91 42 216
91 43 96
91 44 686
91 45 334
91 46 520
91 47 284
91 48 565
91 49 377
91 50 210
91 51 336
91 52 491
91 53 309
91 54 383
91 55 8
91 56 365
91 57 624
91 58 577
91 59 571
91 60 605
91 61 622
91 62 713
91 63 429
91 64 514
91 65 700
91 66 393
91 67 386
91 68 659
91 69 117
91 70 444
91 71 725
91 72 432
91 73 525
91 74 180
91 75 280
91 76 372
91 77 512
91 78 143
91 79 695
91 80 288
91 81 7
91 82 83
91 83 283
91 84 659
91 85 340
91 86 232
91 87 304
91 88 566
91 89 323
91 90 370
91 91 0
91 92 690
91 93 413
91 94 479
91 95 609
91 96 374
91 97 743
91 98 640
91 99 470
92 0 611
92 1 1135
92 2 1063
92 3 574
92 4 857
92 5 645
92 6 747
92 7 770
92 8 759
92 9 845
92 10 880
92 11 592
92 12 602
92 13 752
92 14 93
92 15 483
92 16 218
92 17 796
92 18 770
92 19 948
92 20 1226
92 21 482
92 22 847
92 23 407
92 24 871
92 25 803
92 26 739
92 27 397
92 28 697
92 29 208
92 30 719
92 31 680
92 32 739
92 33 869
92 34 879
92 35 942
92 36 566
92 37 490
92 38 135
92 39 334
92 40 796
92 41 389
92 42 655
92 43 671
92 44 351
92 45 873
92 46 650
92 47 861
92 48 257
92 49 823
92 50 801
92 51 446
92 52 1137
92 53 950
92 54 327
92 55 698
92 56 613
92 57 455
92 58 155
92 59 172
92 60 422
92 61 172
92 62 976
92 63 856
92 64 617
92 65 724
92 66 1077
92 67 784
92 68 516
92 69 586
92 70 532
92 71 898
92 72 271
92 73 512
92 74 521
92 75 597
92 76 779
92 77 549
92 78 622
92 79 67
92 80 460
92 81 698
92 82 736
92 83 973
92 84 545
92 85 625
92 86 667
92 87 503
92 88 683
92 89 713
92 90 578
92 91 690
92 92 0
92 93 757
92 94 1144
92 95 100
92 96 1055
92 97 920
92 98 359
92 99 770
93 0 232
93 1 825
93 2 736
93 3 183
93 4 976
93 5 117
93 6 848
93 7 890
93 8 87
93 9 853
93 10 726
93 11 941
93 12 938
93 13 332
93 14 768
93 15 811
93 16 718
93 17 47
93 18 809
93 19 552
93 20 847
93 21 303
93 22 278
93 23 587
93 24 237
93 25 483
93 26 591
93 27 815
93 28 359
93 29 897
93 30 510
93 31 78
93 32 104
93 33 367
93 34 1077
93 35 884
93 36 620
93 37 587
93 38 623
93 39 465
93 40 1076
93 41 710
93 42 615
93 43 503
93 44 925
93 45 204
93 46 892
93 47 687
93 48 774
93 49 101
93 50 260
93 51 324
93 52 818
93 53 672
93 54 588
93 55 418
93 56 144
93 57 916
93 58 724
93 59 727
93 60 887
93 61 785
93 62 1123
93 63 842
93 64 878
93 65 1066
93 66 661
93 67 797
93 68 968
93 69 463
93 70 239
93 71 1125
93 72 506
93 73 852
93 74 480
93 75 191
93 76 783
93 77 853
93 78 529
93 79 797
93 80 335
93 81 415
93 82 350
93 83 509
93 84 978
93 85 723
93 86 633
93 87 272
93 88 941
93 89 90
93 90 178
93 91 413
93 92 757
93 93 0
93 94 781
93 95 657
93 96 659
93 97 1143
93 98 890
93 99 58
94 0 664
94 1 77
94 2 83
94 3 827
94 4 606
94 5 770
94 6 572
94 7 594
94 8 868
94 9 470
94 10 308
94 11 835
94 12 821
94 13 481
94 14 1086
94 15 801
94 16 958
94 17 749
94 18 509
94 19 234
94 20 82
94 21 769
94 22 503
94 23 741
94 24 555
94 25 358
94 26 409
94 27 882
94 28 500
94 29 1139
94 30 426
94 31 805
94 32 884
94 33 413
94 34 723
94 35 394
94 36 596
94 37 662
94 38 1064
94 39 839
94 40 807
94 41 808
94 42 504
94 43 474
94 44 1042
94 45 596
94 46 721
94 47 307
94 48 965
94 49 696
94 50 522
94 51 813
94 52 64
94 53 196
94 54 818
94 55 470
94 56 799
94 57 936
94 58 1010
94 59 999
94 60 932
94 61 1042
94 62 689
94 63 445
94 64 739
94 65 867
94 66 123
94 67 481
94 68 941
94 69 561
94 70 900
94 71 772
94 72 904
94 73 813
94 74 625
94 75 727
94 76 475
94 77 780
94 78 522
94 79 1136
94 80 766
94 81 471
94 82 478
94 83 273
94 84 926
94 85 592
94 86 498
94 87 775
94 88 744
94 89 712
94 90 817
94 91 479
94 92 1144
94 93 781
94 94 0
94 95 1073
94 96 121
94 97 778
94 98 994
94 99 837
95 0 516
95 1 1069
95 2 994
95 3 473
95 4 836
95 5 545
95 6 718
95 7 745
95 8 658
95 9 807
95 10 823
95 11 598
95 12 606
95 13 663
95 14 141
95 15 474
95 16 210
95 17 696
95 18 733
95 19 869
95 20 1155
95 21 384
95 22 753
95 23 353
95 24 775
95 25 725
95 26 675
95 27 400
95 28 611
95 29 280
95 30 647
95 31 579
95 32 639
95 33 780
95 34 872
95 35 900
95 36 514
95 37 434
95 38 38
95 39 244
95 40 799
95 41 365
95 42 598
95 43 599
95 44 394
95 45 775
95 46 639
95 47 801
95 48 267
95 49 723
95 50 707
95 51 347
95 52 1071
95 53 883
95 54 271
95 55 617
95 56 512
95 57 476
95 58 158
95 59 174
95 60 440
95 61 204
95 62 965
95 63 816
95 64 606
95 65 736
95 66 1000
95 67 744
95 68 539
95 69 512
95 70 432
95 71 896
95 72 179
95 73 509
95 74 448
95 75 498
95 76 737
95 77 541
95 78 554
95 79 150
95 80 364
95 81 617
95 82 649
95 83 889
95 84 565
95 85 586
95 86 612
95 87 404
95 88 677
95 89 613
95 90 478
95 91 609
95 92 100
95 93 657
95 94 1073
95 95 0
95 96 979
95 97 918
95 98 389
95 99 669
96 0 548
96 1 175
96 2 100
96 3 709
96 4 615
96 5 650
96 6 555
96 7 584
96 8 747
96 9 468
96 10 286
96 11 803
96 12 790
96 13 363
96 14 1003
96 15 750
96 16 880
96 17 628
96 18 489
96 19 117
96 20 193
96 21 658
96 22 381
96 23 661
96 24 434
96 25 254
96 26 339
96 27 824
96 28 388
96 29 1068
96 30 337
96 31 684
96 32 762
96 33 291
96 34 735
96 35 414
96 36 528
96 37 585
96 38 967
96 39 740
96 40 805
96 41 741
96 42 439
96 43 385
96 44 984
96 45 475
96 46 694
96 47 269
96 48 893
96 49 574
96 50 401
96 51 703
96 52 166
96 53 149
96 54 733
96 55 365
96 56 680
96 57 888
96 58 928
96 59 919
96 60 880
96 61 965
96 62 719
96 63 444
96 64 707
96 65 854
96 66 29
96 67 462
96 68 901
96 69 468
96 70 783
96 71 787
96 72 805
96 73 768
96 74 533
96 75 610
96 76 453
96 77 738
96 78 439
96 79 1052
96 80 658
96 81 366
96 82 363
96 83 152
96 84 890
96 85 545
96 86 437
96 87 662
96 88 724
96 89 591
96 90 698
96 91 374
96 92 1055
96 93 659
96 94 121
96 95 979
96 96 0
96 97 796
96 98 936
96 99 715
97 0 915
97 1 711
97 2 716
97 3 1050
97 4 185
97 5 1053
97 6 297
97 7 255
97 8 1213
97 9 334
97 10 519
97 11 328
97 12 317
97 13 847
97 14 826
97 15 444
97 16 710
97 17 1145
97 18 346
97 19 786
97 20 827
97 21 907
97 22 970
97 23 632
97 24 1037
97 25 728
97 26 577
97 27 522
97 28 798
97 29 774
97 30 654
97 31 1110
97 32 1212
97 33 902
97 34 67
97 35 385
97 36 530
97 37 586
97 38 938
97 39 825
97 40 128
97 41 560
97 42 529
97 43 647
97 44 607
97 45 1072
97 46 286
97 47 548
97 48 662
97 49 1120
97 50 948
97 51 925
97 52 723
97 53 652
97 54 691
97 55 739
97 56 1055
97 57 476
97 58 769
97 59 752
97 60 504
97 61 749
97 62 110
97 63 356
97 64 315
97 65 216
97 66 825
97 67 366
97 68 427
97 69 680
97 70 1084
97 71 21
97 72 852
97 73 409
97 74 677
97 75 972
97 76 380
97 77 377
97 78 614
97 79 868
97 80 879
97 81 743
97 82 822
97 83 864
97 84 396
97 85 423
97 86 512
97 87 937
97 88 242
97 89 1053
97 90 1044
97 91 743
97 92 920
97 93 1143
97 94 778
97 95 918
97 96 796
97 97 0
97 98 578
97 99 1196
98 0 677
98 1 962
98 2 911
98 3 729
98 4 555
98 5 774
98 6 477
98 7 484
98 8 925
98 9 591
98 10 691
98 11 252
98 12 266
98 13 739
98 14 266
98 15 198
98 16 196
98 17 915
98 18 522
98 19 854
98 20 1071
98 21 587
98 22 865
98 23 323
98 24 912
98 25 720
98 26 597
98 27 111
98 28 674
98 29 197
98 30 617
98 31 825
98 32 913
98 33 848
98 34 548
98 35 696
98 36 409
98 37 370
98 38 421
98 39 433
98 40 450
98 41 205
98 42 496
98 43 574
98 44 48
98 45 930
98 46 341
98 47 687
98 48 131
98 49 920
98 50 823
98 51 576
98 52 968
98 53 800
98 54 302
98 55 644
98 56 755
98 57 102
98 58 232
98 59 217
98 60 77
98 61 189
98 62 650
98 63 608
98 64 309
98 65 371
98 66 963
98 67 544
98 68 158
98 69 523
98 70 723
98 71 557
98 72 416
98 73 202
98 74 466
98 75 700
98 76 544
98 77 243
98 78 514
98 79 299
98 80 556
98 81 646
98 82 715
98 83 905
98 84 188
98 85 403
98 86 498
98 87 620
98 88 360
98 89 817
98 90 728
98 91 640
98 92 359
98 93 890
98 94 994
98 95 389
98 96 936
98 97 578
98 98 0
98 99 924
99 0 282
99 1 882
99 2 794
99 3 200
99 4 1030
99 5 151
99 6 901
99 7 943
99 8 33
99 9 909
99 10 784
99 11 986
99 12 983
99 13 391
99 14 787
99 15 853
99 16 746
99 17 90
99 18 864
99 19 610
99 20 903
99 21 336
99 22 334
99 23 627
99 24 289
99 25 542
99 26 648
99 27 853
99 28 416
99 29 919
99 30 567
99 31 98
99 32 55
99 33 424
99 34 1130
99 35 941
99 36 670
99 37 633
99 38 634
99 39 494
99 40 1126
99 41 749
99 42 669
99 43 558
99 44 957
99 45 253
99 46 941
99 47 745
99 48 804
99 49 147
99 50 318
99 51 350
99 52 875
99 53 730
99 54 623
99 55 475
99 56 168
99 57 955
99 58 747
99 59 752
99 60 924
99 61 809
99 62 1178
99 63 898
99 64 925
99 65 1114
99 66 717
99 67 853
99 68 1008
99 69 515
99 70 240
99 71 1177
99 72 529
99 73 896
99 74 528
99 75 232
99 76 839
99 77 899
99 78 582
99 79 814
99 80 368
99 81 472
99 82 408
99 83 564
99 84 1019
99 85 774
99 86 687
99 87 304
99 88 990
99 89 146
99 90 198
99 91 470
99 92 770
99 93 58
99 94 837
99 95 669
99 96 715
99 97 1196
99 98 924
99 99 0
-1 -1 -1
