734.5767146352705 718.3758705345557
49.43593050312523 799.1769649545014
138.5442661126628 800.9202192740687
903.2165809754506 729.5575944185676
137.01905357387477 261.522117900437
854.0574485351895 793.2657066888618
257.81008275107087 319.55921427486356
228.96756860210854 288.5300611848833
954.4230518138698 919.8651862801593
178.96081274260968 404.8590704785253
216.94002712443395 586.0605148177802
400.2397931114066 91.82966623447864
388.6149448442388 102.43653002186126
560.6743928417168 779.9841305167749
896.802678947959 141.90143975733838
505.8925111939524 183.4305392926162
773.2569093170898 197.26659284777404
833.1213917620468 942.9118212446588
250.8824369757462 384.33290192736104
319.5896206966917 834.4137065150476
19.110388730944617 912.9001928943727
812.6049756520296 610.6385476682121
588.5106418375899 909.1039874618331
637.7107947999264 369.31807734885126
634.748599093203 958.4039586932689
418.58119165170416 728.3546141606716
377.5116455526409 577.9340620906877
591.7205723090515 142.02721609940704
564.234376406698 715.515159902079
842.9843940166248 12.93677069998278
440.76428447878624 627.9864605461876
892.3157049960795 835.0668217465819
970.7520958376628 901.0507133999422
500.1325037597 881.4511113731116
109.0661116162026 143.19087246667718
98.5306217614017 472.4962305447478
484.61190360230853 421.2264379446095
563.8547844979769 406.4308794237441
986.7568155268211 297.4013783864913
814.2684869498233 446.8976741586143
198.28536892487136 66.57194973259972
608.5121600308402 248.06040229043035
419.480071581973 486.6326935962394
475.1358458001814 593.6818622554939
673.6890803814075 4.714790394354296
673.1508686842049 975.8984260596221
338.6787483318603 190.20689506834287
250.72330029528788 606.1203549089106
731.5467887001647 147.52795716015876
777.1739921237232 957.4793454511307
609.7876832258492 868.2488100511317
851.2553246673791 585.9747227408018
54.30617738500065 811.1117263220308
221.17877693756128 722.9541146434537
714.7438850522892 340.80754827142823
518.3641371750135 677.447716614504
880.5314220139802 765.5393428483388
546.3277544166133 50.65779844914686
834.6476290001547 186.2184086276778
817.5980183565782 183.60275638033352
575.5558199196817 71.88271467708462
820.3571931728061 125.85833177355121
11.828554822726156 180.71121368472632
175.26946861453885 429.1780359379638
371.9980960223966 184.38229477849166
277.8554952426 20.202839870626875
205.39082966578903 901.988238676585
244.35547958988536 411.07407737325894
492.659004651277 16.505150513517307
559.7602231424618 562.3197629579452
971.0169011515678 693.4232297106959
92.65359968179921 93.59473920761307
863.6901423807363 403.1832153805309
476.2763745103218 151.72348669763082
600.7139337772776 510.1133387822263
802.1935297460824 729.5839967615059
254.0040153724973 421.3299673710956
439.68275427144954 170.52356654255064
491.8754605803245 535.9512847694664
939.8963021434774 115.03357211154852
799.1622547839478 581.299324108306
520.5797278562326 679.9230557702945
552.4497618719971 754.960926745822
357.9516513295213 903.2368094821992
462.4795613732489 19.244951774613718
395.9888377849843 360.2453513286574
401.77004407529705 479.5863168306416
828.9928936662684 639.3571711621145
304.7591011472809 154.37129474280763
799.8859790409664 849.1722338542328
893.2601829440645 732.681531825197
526.7705538282925 675.1438875319192
988.6146581293627 161.59210213163323
867.0278794448269 909.6916799463769
87.16227260047349 866.3485958282222
973.8396377930075 261.17076100999293
208.6131023187384 872.3867825544914
71.59640222008889 87.56296198951752
648.588730175796 46.0141839194359
922.3317419485664 929.0098353214624
