
---------------------- Results ---------------------- 
Population: 	20		Generations: 	20
Shortest path:	143741

Solution: [31 73 118 9 117 98 5 37 82 78 58 25 101 11 107 60 125 39 116 69 90 13 97 85 59 74 75 34 29 14 38 17 102 12 2 89 55 64 84 92 119 113 62 30 53 43 19 51 47 110 83 94 105 40 87 21 95 7 120 71 112 49 65 4 76 123 124 32 18 0 20 81 42 122 106 63 36 54 96 109 10 93 115 33 50 104 22 86 23 44 126 88 56 26 80 8 91 108 28 103 99 127 3 77 45 67 68 52 79 15 24 46 128 61 70 72 27 57 41 16 1 114 111 66 121 100 6 48 35]

Population: 	40		Generations: 	40
Shortest path:	150884

Solution: [9 56 15 101 122 87 125 5 33 66 45 29 44 93 10 36 128 50 51 18 115 21 85 31 24 55 13 6 84 120 40 23 65 46 96 103 30 26 109 48 80 76 0 92 106 107 64 86 119 39 110 100 19 3 12 57 37 127 49 70 79 59 116 111 62 94 113 60 71 75 1 63 34 73 14 126 118 121 104 28 38 89 90 41 25 53 32 69 112 95 22 98 11 102 105 43 91 124 78 123 72 27 97 88 20 67 114 52 58 42 68 61 47 99 108 16 17 4 2 8 54 117 7 35 82 74 77 81 83]

Population: 	60		Generations: 	60
Shortest path:	148721

Solution: [15 16 126 58 77 17 67 32 21 34 75 7 57 61 105 107 43 52 51 83 22 81 112 26 89 106 99 74 127 41 122 66 14 1 9 86 8 64 101 59 88 87 13 108 100 97 116 48 28 27 124 95 63 36 30 56 39 125 72 0 93 49 121 45 29 31 109 94 91 53 80 55 62 104 85 128 84 76 65 38 119 69 20 2 70 103 35 79 113 5 115 110 19 23 92 120 40 10 54 111 117 12 18 123 82 50 3 6 60 11 42 114 78 73 118 24 102 98 44 33 25 68 46 47 90 4 37 96 71]

Population: 	80		Generations: 	80
Shortest path:	148175

Solution: [59 4 51 29 90 15 10 85 124 77 36 123 104 14 26 53 120 64 66 86 107 55 114 23 8 113 6 46 7 22 76 24 27 61 72 102 11 60 41 83 56 43 54 65 108 20 75 5 52 68 58 21 119 110 25 2 73 94 40 16 12 98 101 9 105 1 18 63 30 74 79 17 112 87 126 84 128 91 19 32 47 106 122 69 49 115 37 111 38 100 127 13 78 33 45 95 103 89 96 97 39 81 35 44 28 50 48 121 92 34 116 67 80 82 3 70 42 93 118 62 125 57 99 88 31 0 109 71 117]

Population: 	100		Generations: 	100
Shortest path:	148024

Solution: [80 15 105 3 5 64 0 18 38 100 26 94 122 43 82 41 102 61 97 75 34 11 92 116 42 32 55 101 118 56 99 115 85 113 12 70 40 19 62 127 109 111 9 51 95 103 112 83 60 23 1 22 124 88 96 44 21 90 120 36 13 110 84 57 31 107 98 53 6 117 69 28 35 46 16 47 63 87 14 66 76 54 86 59 58 67 20 4 65 2 68 93 123 50 33 106 49 128 48 17 72 81 121 24 89 104 7 108 119 78 79 114 52 91 77 45 29 37 126 74 8 39 10 27 125 73 30 25 71]

Population: 	120		Generations: 	120
Shortest path:	143396

Solution: [10 117 87 55 18 102 74 75 20 124 46 53 126 93 128 80 91 42 40 26 12 108 33 38 90 24 95 51 43 35 19 45 3 7 21 5 28 15 0 4 85 86 113 97 56 100 13 68 121 39 61 60 81 25 88 14 36 123 37 70 83 29 16 57 59 44 54 122 31 66 115 101 72 94 11 48 64 6 1 34 76 125 52 8 104 127 107 112 89 96 17 49 78 110 111 79 63 41 23 62 2 30 27 47 103 99 77 71 69 67 82 92 50 120 58 106 84 116 118 98 114 22 109 119 32 105 65 73 9]

Population: 	20		Generations: 	200
Shortest path:	131401

Solution: [56 86 100 31 102 55 5 32 27 101 1 60 30 47 54 107 39 109 63 40 71 0 21 9 94 92 103 19 111 87 82 68 53 14 89 120 61 119 110 91 29 106 50 93 90 126 3 83 128 41 104 115 59 67 78 26 22 122 6 49 64 28 11 65 81 114 116 44 51 13 34 23 108 113 123 99 73 38 117 74 4 75 43 88 12 37 77 125 72 79 66 98 7 58 84 20 118 85 112 36 42 127 57 80 48 95 45 76 97 2 15 18 69 124 105 33 121 46 24 10 25 70 16 8 62 96 52 17 35]

Population: 	140		Generations: 	140
Shortest path:	144073

Solution: [21 90 42 44 60 75 25 62 24 95 120 100 126 70 76 59 114 38 35 73 6 103 57 107 11 50 23 33 93 58 104 123 79 98 108 46 112 67 32 74 88 125 34 99 37 64 82 43 56 71 51 128 3 69 31 109 113 17 61 83 106 86 12 121 9 78 4 119 92 102 101 127 65 81 97 30 1 111 14 122 26 39 63 19 47 124 68 105 10 27 91 15 80 49 48 28 72 117 77 53 0 87 45 22 96 84 13 110 29 54 7 8 20 52 85 94 118 18 115 36 116 40 66 41 2 5 16 55 89]

Population: 	160		Generations: 	160
Shortest path:	148782

Solution: [110 107 57 102 33 42 15 30 122 128 78 105 2 24 65 103 4 35 121 45 59 67 92 86 97 34 50 126 49 61 77 109 101 68 7 85 117 116 90 48 60 28 21 62 55 87 113 73 37 76 11 44 56 66 72 115 124 9 16 99 26 84 112 80 3 89 94 75 51 108 70 69 29 74 31 1 120 64 13 114 91 83 10 93 22 0 58 81 100 125 19 36 38 6 79 14 123 82 95 40 71 8 25 12 47 106 119 41 52 20 43 88 5 104 118 17 96 98 63 53 54 46 32 23 27 18 39 127 111]

Population: 	180		Generations: 	180
Shortest path:	142226

Solution: [64 22 112 117 101 41 53 104 34 73 105 38 97 54 91 120 7 69 39 109 4 45 25 2 32 46 90 27 19 111 61 0 108 80 128 96 118 18 21 116 106 125 56 72 31 26 102 63 74 85 89 110 20 42 123 88 10 107 121 40 29 14 87 68 1 126 127 122 94 79 51 124 113 71 48 37 13 93 16 36 60 8 67 57 52 17 81 9 30 35 59 3 84 98 77 44 100 62 55 15 33 5 83 76 65 50 6 103 86 119 115 78 12 70 66 23 99 114 11 43 58 28 95 47 75 24 92 82 49]

Population: 	200		Generations: 	200
Shortest path:	144782

Solution: [7 108 53 116 27 14 17 61 92 120 100 36 15 20 13 84 42 124 23 25 54 29 69 64 102 49 121 81 46 67 103 26 109 24 66 4 16 93 99 73 38 50 106 75 19 86 10 37 33 82 80 30 18 0 89 60 45 55 115 111 8 96 118 47 107 41 123 70 71 56 78 3 28 77 90 114 98 32 76 122 117 97 22 105 1 44 88 126 127 85 68 87 31 74 112 113 2 95 52 94 72 101 128 59 35 57 48 83 21 58 5 62 51 119 11 12 34 125 79 104 9 110 6 63 43 91 40 65 39]

Population: 	220		Generations: 	220
Shortest path:	145328

Solution: [118 111 53 86 51 87 72 122 76 88 13 34 32 21 63 124 36 83 105 127 103 19 41 112 59 84 52 79 1 108 81 48 75 90 77 115 56 106 23 47 125 121 91 66 40 57 58 5 110 89 120 100 101 37 69 11 128 95 65 35 98 73 22 92 9 113 44 67 117 12 2 43 114 107 31 6 60 70 24 109 16 25 3 18 46 68 74 28 49 33 71 14 82 0 55 42 104 30 38 123 7 85 50 20 126 96 80 102 15 27 17 97 29 45 8 64 99 39 10 94 116 4 61 62 93 119 78 26 54]

Population: 	240		Generations: 	240
Shortest path:	141119

Solution: [125 70 56 2 48 109 88 97 124 85 105 42 52 16 77 117 45 29 98 73 10 71 51 5 38 99 25 96 100 26 41 60 36 53 17 101 104 59 80 90 92 24 39 12 108 49 54 107 89 63 94 18 7 31 57 22 128 95 120 114 58 91 21 72 123 119 66 65 68 122 118 127 83 64 40 62 30 6 111 102 61 3 8 103 33 11 116 44 76 126 4 32 15 0 43 55 46 67 113 47 9 35 121 69 106 93 50 28 78 82 79 20 110 115 27 34 23 19 86 87 112 81 37 84 14 13 1 75 74]

Population: 	260		Generations: 	260
Shortest path:	141348

Solution: [63 17 82 32 90 46 43 9 78 56 34 100 48 117 21 18 101 23 44 74 124 10 75 125 126 71 58 120 59 81 77 45 49 3 12 99 40 5 50 65 13 111 98 118 1 95 128 72 67 80 87 30 41 96 113 121 73 0 57 4 27 86 79 60 22 14 53 28 8 106 102 33 37 88 92 108 109 112 89 104 54 16 94 123 110 122 39 97 66 7 51 62 36 47 31 55 29 127 69 42 114 52 84 25 68 70 20 83 91 116 6 115 105 19 35 15 103 26 85 11 24 76 61 119 107 64 2 38 93]

Population: 	280		Generations: 	280
Shortest path:	145947

Solution: [10 68 104 32 125 127 51 75 50 11 64 73 66 8 92 118 87 7 14 16 107 53 67 78 94 82 27 113 79 22 93 23 91 74 103 45 111 110 20 76 114 31 95 34 100 39 40 55 65 59 98 102 46 109 70 126 71 29 60 106 42 2 123 44 112 105 62 63 54 26 49 128 81 124 19 61 13 35 80 108 83 77 101 84 41 28 96 21 58 48 18 25 85 30 97 88 1 90 119 24 52 43 3 33 115 38 57 47 72 6 12 69 120 17 121 122 99 89 15 86 117 5 56 9 116 4 0 36 37]

Population: 	40		Generations: 	400
Shortest path:	120913

Solution: [110 81 94 58 124 95 97 109 87 45 70 39 68 100 12 61 40 67 32 123 83 59 65 60 75 122 72 105 37 62 126 48 26 111 57 116 24 82 20 13 79 7 46 50 55 29 101 10 107 33 53 98 9 78 96 5 86 38 22 15 42 54 88 2 117 92 14 128 52 106 118 1 71 31 102 4 127 21 113 47 63 73 16 0 51 8 34 36 35 30 80 120 49 90 11 44 6 56 99 85 19 91 41 66 23 69 119 74 27 18 77 125 17 25 112 115 64 89 3 93 28 121 76 108 103 84 114 43 104]

Population: 	300		Generations: 	300
Shortest path:	146451

Solution: [115 40 122 29 95 109 128 77 100 125 116 9 56 108 13 61 94 117 78 84 90 35 66 27 42 99 33 46 16 121 39 58 98 7 119 8 31 69 105 96 2 55 28 63 120 87 107 112 30 17 111 74 91 113 45 12 4 101 62 14 36 22 81 110 76 26 51 19 34 50 23 0 86 44 52 5 47 65 80 114 1 102 32 73 75 97 88 123 124 48 71 92 67 79 103 6 49 37 104 89 20 15 54 24 38 10 59 85 64 118 21 60 127 43 11 57 126 70 18 106 93 53 25 68 41 72 82 3 83]

Population: 	320		Generations: 	320
Shortest path:	143208

Solution: [101 35 29 87 85 108 28 38 34 0 12 25 37 97 76 64 65 117 47 14 96 78 116 104 3 92 59 115 9 127 7 75 91 63 16 66 8 74 42 2 15 24 18 13 71 84 86 30 99 98 107 123 83 118 90 119 125 32 111 60 23 126 22 128 54 51 31 58 10 33 40 70 102 52 88 48 105 62 100 81 73 61 39 77 17 112 27 89 45 114 1 120 106 44 56 80 6 41 110 68 11 36 95 113 57 122 19 69 21 26 49 20 67 50 82 5 79 124 109 55 93 103 121 43 4 53 94 72 46]

Population: 	340		Generations: 	340
Shortest path:	142870

Solution: [88 114 58 42 118 90 112 17 12 32 36 9 105 62 86 31 70 6 41 94 49 8 123 30 122 84 107 78 110 29 125 46 47 34 67 126 28 33 63 23 103 115 111 96 101 3 108 56 5 15 76 20 43 113 60 51 59 71 10 2 109 104 37 35 57 99 73 52 72 117 102 7 40 38 79 83 64 93 116 11 44 95 39 0 80 87 53 89 50 14 1 24 119 54 91 25 77 98 19 45 55 66 97 13 128 106 100 74 69 4 61 75 82 121 120 26 16 48 124 68 85 92 18 127 81 65 27 21 22]

Population: 	360		Generations: 	360
Shortest path:	137283

Solution: [70 48 61 100 10 5 9 8 86 122 19 23 43 22 30 14 4 115 82 71 102 89 104 125 39 54 21 114 80 65 78 34 20 94 121 77 62 13 106 85 117 36 87 109 74 56 51 108 63 6 119 103 49 69 124 58 60 116 32 101 72 66 17 28 67 105 40 18 7 75 76 95 93 97 24 127 31 44 88 64 55 83 35 107 111 96 15 53 81 11 110 41 33 90 84 118 3 92 46 79 98 0 68 120 1 57 29 42 50 73 38 99 123 91 2 113 47 37 27 52 126 25 45 128 12 112 16 26 59]

Population: 	380		Generations: 	380
Shortest path:	142893

Solution: [8 86 23 63 113 81 50 26 65 66 117 45 98 21 116 27 25 17 79 110 56 118 114 22 97 31 69 58 33 94 24 108 59 72 52 44 125 36 12 75 2 64 0 85 107 42 43 16 14 10 35 70 5 123 30 128 95 39 106 74 6 67 46 102 61 91 41 100 18 40 112 73 111 127 126 62 109 122 13 92 49 99 121 34 76 3 4 101 104 88 119 20 124 29 15 83 7 82 37 19 57 78 55 38 60 90 80 1 51 54 48 9 71 96 120 105 53 93 68 84 87 32 47 103 28 89 77 11 115]

Population: 	400		Generations: 	400
Shortest path:	139847

Solution: [71 36 30 4 101 86 38 128 121 1 89 123 16 72 117 8 106 102 21 83 22 57 13 115 65 99 43 74 19 103 77 119 45 79 7 91 39 35 18 107 94 62 76 0 50 17 95 92 116 66 40 25 85 51 110 26 3 12 9 2 78 68 10 28 67 29 64 63 55 104 88 82 14 70 59 97 112 46 32 105 93 122 126 60 52 23 98 69 80 20 54 5 11 33 96 81 61 108 44 84 111 124 56 125 34 73 24 41 87 109 113 15 100 48 90 27 58 42 127 114 118 37 120 47 53 75 49 31 6]

Population: 	420		Generations: 	420
Shortest path:	145265

Solution: [20 33 116 94 113 121 71 83 31 57 47 118 78 110 15 107 105 59 69 62 64 0 24 124 103 5 39 63 54 99 17 25 1 115 66 95 97 104 81 46 93 49 6 56 29 22 73 19 84 16 38 42 72 2 10 50 114 9 88 79 120 67 30 86 34 43 53 48 12 96 36 75 126 65 55 87 44 41 40 100 14 68 90 92 76 61 23 117 35 27 21 26 32 82 60 123 52 108 37 13 101 4 77 18 45 112 98 8 7 89 111 70 11 28 3 51 119 91 122 74 109 102 127 85 106 58 125 80 128]

Population: 	440		Generations: 	440
Shortest path:	141975

Solution: [120 35 125 90 71 15 20 55 19 21 102 78 77 25 116 59 2 22 64 5 16 99 32 7 93 14 38 3 43 53 91 124 109 108 94 65 73 115 84 1 40 62 6 47 49 23 87 45 123 28 56 126 100 72 33 74 63 86 113 89 111 105 60 44 0 128 54 114 13 85 18 79 96 36 31 82 41 107 97 66 119 4 122 92 48 80 101 81 106 104 39 24 11 118 29 67 8 112 17 61 51 103 26 34 27 110 9 57 58 127 30 75 50 42 37 95 117 76 52 83 121 12 98 68 69 88 10 70 46]

Population: 	60		Generations: 	600
Shortest path:	123970

Solution: [90 99 54 65 113 108 107 39 109 2 58 102 34 68 47 48 73 116 110 85 117 127 71 0 88 70 45 29 24 81 78 41 4 33 57 5 114 125 119 69 112 36 37 61 122 87 94 42 105 106 66 20 96 8 27 89 46 77 64 115 72 101 67 83 52 118 53 74 9 7 98 126 104 62 6 13 31 79 30 84 16 91 21 75 25 15 44 14 128 93 11 86 80 95 3 1 63 111 55 103 49 35 76 59 19 100 97 51 60 123 26 10 121 18 43 92 28 124 56 50 120 32 12 40 82 38 17 23 22]

Population: 	460		Generations: 	460
Shortest path:	140469

Solution: [61 117 19 46 128 11 26 69 2 83 49 22 30 74 27 79 94 41 14 102 90 56 6 29 15 118 21 39 78 62 84 124 68 112 82 0 81 71 57 119 8 43 64 7 12 85 10 34 23 89 58 126 125 114 50 111 31 20 70 40 16 4 51 54 121 87 97 99 66 116 9 88 73 48 32 95 103 63 72 18 3 45 122 17 109 52 76 108 110 92 37 25 35 115 42 98 86 107 77 105 1 5 24 13 96 33 120 36 106 59 80 65 47 91 104 55 93 127 101 28 113 100 67 38 123 44 53 60 75]

Population: 	480		Generations: 	480
Shortest path:	148572

Solution: [28 56 90 125 91 121 116 93 103 123 48 70 44 13 24 41 95 63 46 82 113 38 8 108 10 92 14 117 69 120 114 27 37 68 111 61 22 76 39 51 80 65 62 30 42 96 60 9 35 99 45 11 83 104 7 105 84 26 85 74 107 67 47 126 32 20 66 2 97 106 0 64 5 79 112 49 43 87 115 29 118 34 53 86 73 110 59 78 33 72 109 16 122 98 1 77 94 31 36 88 17 55 18 50 25 21 119 124 40 52 101 4 23 58 15 75 54 19 128 3 100 57 12 89 71 6 81 102 127]

Population: 	500		Generations: 	500
Shortest path:	146365

Solution: [76 84 27 9 32 80 55 23 18 72 113 125 31 87 96 78 6 86 5 92 69 8 59 83 74 19 107 116 0 52 10 85 58 46 33 118 57 98 99 128 70 89 103 111 29 102 51 104 109 38 20 114 13 64 37 45 88 15 120 90 4 42 117 2 75 14 50 12 97 108 21 95 56 82 17 40 25 126 44 36 35 65 48 79 41 105 3 71 68 39 24 16 22 66 34 94 112 63 43 62 61 123 110 121 73 91 115 81 100 101 106 122 54 77 28 53 30 7 60 26 47 119 93 1 49 124 127 67 11]

Population: 	520		Generations: 	520
Shortest path:	142633

Solution: [56 18 89 101 123 4 111 119 91 73 12 34 118 16 107 3 75 24 95 57 63 94 71 32 31 79 28 19 116 66 21 127 81 38 37 109 117 92 88 46 55 108 13 44 42 85 7 93 1 104 68 36 20 110 77 83 0 90 61 45 14 6 59 121 23 99 30 96 126 72 40 112 67 51 27 9 70 80 106 74 64 115 53 102 124 50 69 22 17 49 33 43 5 122 125 105 47 39 10 11 76 60 62 84 54 128 100 98 8 82 103 41 97 114 48 35 26 2 25 120 52 87 58 86 29 65 78 113 15]

Population: 	540		Generations: 	540
Shortest path:	141868

Solution: [19 45 107 81 4 99 85 57 100 5 88 125 32 54 65 40 18 77 87 90 23 120 84 89 34 10 61 3 30 22 83 123 35 80 75 86 46 96 26 98 1 9 78 44 110 51 41 122 76 43 55 15 128 68 106 111 127 0 62 93 114 67 39 104 66 25 74 92 59 117 48 13 20 69 49 37 7 29 105 21 112 42 36 95 72 47 71 103 6 116 12 118 8 101 17 108 60 70 24 124 73 2 52 109 82 119 58 113 97 33 16 53 94 31 11 121 91 102 38 64 115 63 126 14 28 79 27 50 56]

Population: 	560		Generations: 	560
Shortest path:	142609

Solution: [18 90 20 22 88 33 100 102 110 111 37 114 108 120 10 29 58 34 76 118 61 15 50 0 41 109 98 73 115 35 107 60 124 21 123 117 96 45 8 67 5 28 54 62 36 9 38 52 68 42 32 43 14 64 51 84 57 93 12 82 11 104 77 103 49 2 40 71 47 56 125 1 95 85 13 113 55 39 75 92 48 25 7 27 23 69 4 72 74 24 63 3 30 128 121 106 59 70 127 78 19 87 105 89 119 112 79 83 94 44 91 65 126 99 31 16 53 101 46 26 86 81 97 122 6 116 80 66 17]

Population: 	580		Generations: 	580
Shortest path:	134990

Solution: [3 19 62 64 0 79 22 67 44 60 76 90 2 50 57 52 16 108 59 94 43 27 93 95 88 74 102 78 33 58 100 40 124 8 86 106 113 61 128 103 110 20 26 91 118 117 63 99 104 65 82 25 37 39 17 98 123 42 51 30 126 34 29 21 75 24 31 101 73 41 56 84 127 77 97 1 111 13 70 121 122 89 114 125 28 72 9 66 5 115 68 116 36 83 18 105 119 107 54 120 81 12 87 11 71 32 85 23 7 10 35 109 14 53 96 45 48 15 55 69 112 92 38 47 46 80 4 6 49]

Population: 	600		Generations: 	600
Shortest path:	143325

Solution: [23 43 8 16 80 48 32 40 103 61 68 75 12 47 55 22 14 21 63 124 45 126 3 81 30 9 104 113 31 79 66 25 120 44 4 125 93 108 110 116 51 42 60 91 33 89 15 83 58 46 49 112 38 67 36 123 53 98 86 128 5 78 92 73 82 35 50 109 95 2 101 29 26 34 17 94 6 117 119 127 54 10 57 41 65 69 7 121 13 28 84 99 20 71 102 52 111 19 76 27 59 39 87 118 0 106 85 74 96 77 70 18 37 114 97 122 62 11 72 107 1 90 115 64 105 100 88 56 24]

Population: 	80		Generations: 	800
Shortest path:	118124

Solution: [71 96 36 113 88 94 100 102 37 112 120 119 54 64 27 9 2 66 50 48 82 128 43 29 89 92 110 59 16 0 70 18 38 87 90 91 98 58 80 8 95 123 10 126 67 22 73 109 1 83 86 42 115 45 116 107 24 114 65 68 39 74 53 93 118 77 104 35 75 108 81 79 20 121 19 21 49 78 26 56 47 52 44 62 33 76 30 84 111 5 69 99 28 25 60 103 125 97 12 4 127 11 15 23 72 101 61 31 13 40 117 122 63 6 41 32 55 14 17 34 46 51 106 105 124 85 7 3 57]

Population: 	620		Generations: 	620
Shortest path:	142940

Solution: [74 79 112 5 55 4 9 30 127 100 51 36 13 84 73 69 46 70 52 32 118 126 125 45 35 88 59 81 31 113 62 63 60 43 72 48 105 92 114 89 26 83 18 20 121 57 54 76 61 2 101 86 95 27 90 115 85 78 6 38 94 77 25 56 17 128 1 39 8 7 11 53 65 124 40 64 99 75 50 10 102 47 123 71 108 106 111 117 104 28 66 16 29 12 33 37 103 19 15 14 58 98 120 67 109 97 91 22 24 122 110 23 96 80 41 49 68 34 3 116 82 21 119 0 44 93 42 107 87]

Population: 	640		Generations: 	640
Shortest path:	140460

Solution: [28 5 103 79 8 83 40 38 42 31 25 125 82 60 122 70 108 78 99 41 66 80 52 69 45 7 11 94 44 75 84 1 9 90 105 74 71 68 124 81 73 114 17 110 96 27 29 54 89 95 21 0 61 39 88 92 116 86 76 6 53 2 115 16 55 119 23 24 30 123 36 26 3 58 34 120 72 109 47 18 67 128 22 51 64 19 13 43 65 126 35 127 12 4 113 20 85 100 56 10 102 101 63 15 93 107 14 111 117 121 50 77 62 57 33 97 32 87 112 59 104 91 46 48 106 98 49 118 37]

Population: 	660		Generations: 	660
Shortest path:	139105

Solution: [32 91 25 104 89 110 59 105 24 48 78 55 90 38 60 39 43 12 61 50 125 33 80 9 62 107 119 120 96 3 83 66 7 115 84 124 45 22 0 5 40 49 70 113 51 52 128 121 28 126 58 44 13 106 18 101 41 46 127 71 73 108 87 100 14 64 65 88 95 114 6 72 68 82 17 79 8 57 26 74 117 112 116 122 85 97 111 54 4 94 56 2 118 77 16 75 1 98 109 34 102 11 93 15 30 31 92 53 67 36 42 63 123 35 21 86 23 10 76 37 27 81 47 19 20 103 99 29 69]

Population: 	680		Generations: 	680
Shortest path:	144003

Solution: [103 100 74 94 17 107 43 50 68 59 108 57 27 0 126 60 6 72 79 78 124 89 119 63 112 77 34 8 13 18 41 28 87 96 90 32 125 36 91 61 25 3 7 84 31 37 105 75 128 45 64 38 35 111 109 113 55 44 122 104 73 83 39 52 54 86 71 51 97 95 62 21 9 19 47 118 67 15 42 93 33 99 101 20 56 24 1 115 11 80 46 2 22 30 76 23 98 82 114 58 10 88 70 49 121 5 48 40 12 26 4 102 69 127 53 16 123 14 106 65 66 85 116 92 120 110 81 117 29]

Population: 	700		Generations: 	700
Shortest path:	143857

Solution: [65 35 80 78 28 94 8 128 88 89 124 59 106 69 101 48 67 46 92 115 34 57 10 125 60 87 53 122 116 75 95 120 83 36 63 127 105 44 81 22 123 14 27 54 118 45 58 86 15 108 9 102 49 100 61 90 112 19 31 113 119 82 39 52 6 96 20 103 11 5 79 23 2 4 114 26 104 76 32 3 37 62 56 33 24 17 47 41 109 85 13 25 12 84 107 72 74 16 98 43 7 91 97 93 64 51 29 40 70 68 30 0 121 73 71 66 99 111 18 50 126 117 38 55 110 42 21 1 77]

Population: 	720		Generations: 	720
Shortest path:	140204

Solution: [112 90 59 98 38 40 4 81 1 48 35 114 118 50 10 86 19 28 84 54 73 44 8 100 41 33 60 30 51 31 25 36 37 52 62 94 120 67 53 68 95 103 119 122 117 127 27 125 110 21 13 105 56 15 96 104 57 17 11 85 113 101 0 89 78 23 61 26 93 42 123 63 22 7 128 111 109 5 9 14 108 76 39 70 2 20 99 55 107 16 69 106 66 18 47 115 49 45 124 29 71 87 97 82 116 74 79 102 126 46 121 6 77 80 83 64 72 12 43 75 24 3 92 58 32 34 88 65 91]

Population: 	740		Generations: 	740
Shortest path:	140087

Solution: [46 7 108 60 93 97 32 78 48 36 23 40 31 17 24 104 35 29 15 79 86 52 119 106 28 126 10 18 83 66 50 80 112 96 115 63 107 102 100 59 99 26 77 81 75 98 21 37 120 30 91 103 53 123 69 73 51 114 33 116 70 38 45 8 67 118 105 49 55 25 14 57 47 43 94 1 11 92 3 113 125 90 85 124 6 2 41 16 64 39 109 54 84 88 127 20 27 95 122 89 19 65 62 68 12 110 61 117 82 76 13 101 72 44 111 5 87 42 9 22 74 56 34 58 4 128 121 0 71]

Population: 	760		Generations: 	760
Shortest path:	136298

Solution: [50 75 25 22 40 74 39 111 65 115 3 113 104 71 32 124 14 90 17 123 101 26 41 79 42 114 9 51 86 66 2 103 106 70 6 20 56 7 64 80 112 47 72 36 108 100 49 87 18 15 88 110 127 99 48 37 19 119 52 117 82 24 58 38 125 95 96 45 57 21 30 16 122 10 60 59 93 84 83 1 89 29 73 43 78 44 31 94 85 128 91 102 28 11 34 97 118 4 98 81 61 54 116 33 27 8 12 69 105 107 92 121 77 63 67 109 0 46 76 35 68 62 13 23 53 120 126 5 55]

Population: 	100		Generations: 	1000
Shortest path:	123980

Solution: [83 52 62 31 115 5 11 48 92 58 46 99 93 84 12 25 28 14 23 114 22 79 70 68 39 104 36 0 15 118 18 55 82 124 88 94 24 123 63 17 60 34 33 50 103 56 112 47 45 80 4 43 53 128 87 85 97 41 67 65 3 20 95 109 37 119 108 54 106 125 16 110 66 29 38 98 30 81 91 71 8 121 107 73 74 117 61 26 6 120 101 76 2 64 113 105 86 1 51 122 72 40 59 90 116 126 9 96 21 77 102 57 100 13 49 10 69 32 42 127 111 27 78 75 35 19 89 7 44]

Population: 	780		Generations: 	780
Shortest path:	142982

Solution: [86 18 31 99 98 59 79 81 69 49 36 106 5 0 23 11 14 88 71 107 72 82 15 100 73 76 96 67 97 50 24 93 110 119 92 1 124 101 61 105 44 60 78 3 104 128 22 70 68 118 20 62 41 27 111 127 91 55 89 90 123 30 117 46 45 10 32 9 120 12 37 34 126 84 48 6 57 43 53 40 42 125 38 25 103 74 65 21 75 28 33 77 4 47 108 64 87 80 66 85 51 52 122 13 121 2 112 29 16 8 109 39 26 56 17 7 19 102 54 116 83 35 113 63 114 95 115 94 58]

Population: 	800		Generations: 	800
Shortest path:	138633

Solution: [44 74 6 80 5 42 105 113 45 32 97 20 110 14 114 119 28 99 101 3 55 83 16 25 40 125 63 66 48 27 87 106 34 76 9 71 100 1 21 30 93 59 70 65 95 88 4 46 58 35 96 64 91 33 112 43 51 77 128 18 102 122 84 61 85 117 10 123 115 103 54 116 92 107 23 72 39 60 12 104 47 53 79 11 89 86 15 56 98 78 126 50 7 22 69 49 2 67 111 124 52 118 57 19 24 81 127 62 108 94 13 31 121 90 29 38 26 0 120 109 37 82 36 75 8 68 73 17 41]

Population: 	820		Generations: 	820
Shortest path:	142120

Solution: [65 13 48 28 87 119 106 57 0 112 12 105 84 4 20 6 56 10 63 54 15 88 46 30 109 78 94 16 74 2 123 23 25 21 45 111 80 85 38 92 117 95 128 126 104 51 42 35 125 40 76 86 103 47 9 26 114 124 33 115 122 73 41 90 98 37 79 120 14 97 66 36 127 24 1 44 68 11 116 83 31 118 29 55 108 58 71 32 52 17 93 22 27 70 67 60 82 99 53 77 3 89 18 69 59 19 50 64 113 49 43 81 102 96 5 39 107 62 100 101 7 110 121 61 75 91 34 72 8]

Population: 	840		Generations: 	840
Shortest path:	140829

Solution: [3 126 25 72 115 93 85 80 119 88 65 50 44 8 118 103 98 79 90 127 69 48 56 31 14 84 111 101 38 73 63 68 9 34 13 75 123 124 10 11 107 62 4 117 21 49 2 104 92 112 55 57 114 87 58 0 26 109 28 60 74 29 76 66 43 22 51 120 78 122 54 96 1 86 35 53 30 12 100 52 47 32 27 83 15 18 61 113 6 23 45 7 20 110 19 97 40 71 102 41 36 125 82 46 37 39 105 33 77 67 17 95 42 116 81 70 89 128 5 16 94 106 108 99 59 24 91 121 64]

Population: 	860		Generations: 	860
Shortest path:	139571

Solution: [67 70 115 17 76 72 20 126 104 84 56 119 103 101 68 83 123 8 62 58 127 77 30 33 34 27 22 13 24 89 88 93 50 48 114 4 0 64 35 52 12 29 21 69 25 124 46 47 106 94 3 81 90 2 60 49 78 118 6 128 23 7 80 112 41 92 74 79 44 36 108 9 55 14 121 28 86 10 122 5 117 105 73 99 42 15 16 61 111 98 91 18 32 26 19 45 53 57 65 66 113 43 95 54 116 11 37 109 87 1 120 110 107 100 40 63 96 85 125 39 71 59 102 51 97 82 75 31 38]

Population: 	920		Generations: 	920
Shortest path:	142365

Solution: [71 94 128 27 51 88 123 37 92 61 101 63 113 41 83 19 103 70 54 66 127 0 29 104 118 46 62 84 73 67 79 17 26 125 64 21 114 35 102 30 106 116 111 10 3 99 86 108 36 109 20 52 2 34 121 38 49 25 76 23 126 43 98 53 100 89 105 24 1 11 68 12 60 124 95 50 75 77 72 15 33 97 107 69 81 55 96 40 7 115 57 31 9 117 4 6 59 58 28 5 74 39 112 80 120 22 44 48 42 45 122 87 119 65 110 8 78 90 16 18 13 93 32 47 56 14 91 82 85]

Population: 	880		Generations: 	880
Shortest path:	141130

Solution: [31 53 58 45 125 37 106 54 103 75 28 50 23 8 83 27 119 38 70 30 113 90 3 59 116 18 66 96 1 49 44 29 71 39 115 100 128 99 126 9 93 21 14 56 86 7 122 117 24 26 5 89 91 77 32 62 110 35 73 78 105 80 104 47 121 17 108 97 112 36 20 42 10 98 84 102 61 82 87 25 63 33 40 94 52 109 41 43 19 55 4 74 64 123 68 65 51 15 76 69 118 81 11 101 111 72 120 92 2 67 48 124 0 12 6 85 114 13 127 107 57 60 79 95 88 22 46 34 16]

Population: 	900		Generations: 	900
Shortest path:	142888

Solution: [17 73 43 63 82 118 127 50 59 100 116 72 25 38 102 35 65 33 42 8 99 74 68 39 87 22 76 86 53 108 57 52 95 13 28 24 94 27 49 77 124 6 111 29 126 41 0 40 4 54 34 44 26 47 110 89 31 78 115 46 107 20 55 70 60 121 30 103 71 79 69 61 37 112 80 106 10 58 85 51 84 1 92 83 128 32 12 14 91 90 19 81 5 119 113 15 9 62 66 2 67 101 125 123 23 48 64 36 114 16 7 11 109 93 105 117 97 96 88 120 3 104 98 122 45 75 18 56 21]

Population: 	120		Generations: 	1200
Shortest path:	121169

Solution: [68 126 7 15 28 113 4 118 66 119 36 41 27 39 10 99 90 58 57 40 1 87 62 51 54 103 128 76 52 104 59 93 8 92 29 109 42 114 85 6 46 67 112 111 70 108 116 55 69 123 60 83 86 37 0 32 12 98 95 97 38 61 74 22 49 48 71 9 77 11 84 64 47 21 96 117 79 91 102 100 125 2 121 124 53 106 14 82 33 73 120 3 50 43 45 19 122 75 24 63 115 72 81 107 34 16 23 78 89 105 94 13 110 5 56 30 17 65 44 18 20 35 101 25 31 80 127 26 88]

Population: 	940		Generations: 	940
Shortest path:	144742

Solution: [7 89 19 119 39 47 99 43 38 111 31 14 100 114 28 84 11 80 86 18 17 97 49 33 87 128 44 104 79 12 29 60 59 51 78 54 55 92 90 57 10 69 65 70 103 96 74 125 1 75 34 61 83 116 42 9 8 66 122 45 108 27 109 0 30 95 2 126 82 107 40 23 20 76 71 85 105 58 88 48 117 46 5 15 3 64 72 102 32 118 113 101 22 110 115 67 124 93 53 120 98 77 50 127 41 94 24 68 112 16 21 121 81 63 25 37 62 123 106 52 36 91 13 35 4 26 73 6 56]

Population: 	960		Generations: 	960
Shortest path:	138496

Solution: [55 45 32 83 64 15 31 29 91 104 22 103 19 110 96 56 101 123 58 77 52 92 17 42 13 25 117 1 82 127 84 85 79 67 73 26 86 8 128 40 4 14 100 39 33 80 5 46 93 24 20 81 87 122 50 94 74 48 11 61 0 124 41 12 16 97 105 37 106 102 7 119 88 2 59 107 95 112 54 62 44 111 47 21 51 99 116 9 115 43 49 10 120 66 36 30 38 125 35 70 108 53 63 6 121 65 57 109 76 68 3 18 27 34 114 126 113 28 69 98 118 90 89 71 72 78 75 23 60]

Population: 	20		Generations: 	2000
Shortest path:	74827

Solution: [52 16 10 66 115 17 48 58 37 125 1 67 108 96 117 33 15 53 7 8 106 111 119 113 51 57 122 54 105 55 60 43 97 44 45 61 5 93 3 35 50 95 89 29 30 84 4 70 75 42 77 28 36 116 85 100 19 46 90 88 0 18 87 128 112 49 78 23 38 64 79 69 41 73 59 94 80 127 92 6 12 104 123 120 98 103 27 76 71 109 81 14 26 47 62 22 11 31 9 65 68 34 32 63 25 24 102 39 74 114 126 83 101 13 110 124 20 40 121 72 2 99 56 118 82 107 86 91 21]

Population: 	980		Generations: 	980
Shortest path:	137630

Solution: [34 120 22 106 93 47 39 63 53 96 114 24 60 90 112 113 19 76 8 23 18 46 17 25 31 71 2 5 109 102 122 61 81 79 41 64 48 62 4 110 92 111 27 42 107 12 13 33 83 73 103 51 75 108 72 0 52 54 3 65 70 89 126 88 99 115 40 66 128 36 58 116 117 59 30 20 7 26 37 123 56 14 98 119 84 82 32 16 104 57 9 91 44 21 121 55 95 29 69 87 97 38 67 68 50 118 101 78 74 124 6 85 100 127 86 15 35 77 49 105 28 11 80 10 45 43 94 125 1]

Population: 	140		Generations: 	1400
Shortest path:	114495

Solution: [1 89 97 80 125 53 117 65 100 73 22 2 40 76 24 119 111 47 120 74 107 57 84 99 48 27 3 25 8 72 31 51 39 104 83 109 103 113 90 0 7 55 28 49 123 105 52 95 63 116 9 78 17 87 115 93 118 35 70 69 33 37 29 30 10 108 15 102 98 4 128 81 43 32 23 94 46 18 86 12 5 68 42 126 106 96 21 41 114 91 54 20 59 79 45 44 64 13 38 101 11 85 36 77 112 110 16 67 6 92 121 82 127 61 34 56 66 14 26 60 71 19 50 58 124 122 62 75 88]

Population: 	160		Generations: 	1600
Shortest path:	119483

Solution: [107 102 124 43 85 100 114 33 93 110 13 69 68 54 125 123 17 128 60 25 108 118 4 84 14 41 86 22 11 37 94 30 24 87 76 3 109 96 121 44 65 111 91 90 92 5 51 80 79 23 47 104 112 35 48 63 126 61 38 71 28 75 97 99 58 20 73 81 103 56 36 106 45 82 46 55 32 31 117 115 62 8 67 0 42 66 101 83 78 59 40 16 26 50 57 127 116 19 95 21 34 70 6 39 10 98 12 1 89 122 119 88 27 29 74 52 72 9 105 7 120 53 113 49 77 64 2 15 18]

Population: 	180		Generations: 	1800
Shortest path:	115608

Solution: [93 96 97 49 37 20 6 71 46 26 31 17 114 16 73 19 23 120 44 51 74 127 85 116 70 56 119 95 18 15 128 2 48 72 64 52 91 58 90 94 79 107 38 8 115 33 68 13 25 80 75 99 62 24 82 4 92 100 39 10 63 54 86 112 125 65 43 84 105 66 1 21 30 0 117 110 59 78 12 122 3 53 87 118 123 89 104 32 101 124 22 27 41 42 11 111 83 5 113 55 88 9 98 47 77 81 69 7 35 57 34 121 60 103 28 40 76 126 50 108 102 29 67 36 14 45 106 109 61]

Population: 	200		Generations: 	2000
Shortest path:	114592

Solution: [101 54 63 59 128 95 81 87 119 52 98 7 29 43 88 112 46 21 35 97 108 34 20 71 26 12 44 61 109 53 79 17 114 49 68 8 121 58 126 125 84 107 36 104 118 65 1 11 3 18 124 6 28 96 78 117 103 42 120 90 110 91 85 16 39 56 76 67 99 19 73 75 24 82 72 31 4 116 69 57 106 41 66 127 0 100 102 32 30 14 80 86 23 13 94 115 105 62 47 10 5 37 123 22 38 77 9 113 45 33 48 60 15 89 83 70 122 50 25 74 111 27 92 51 93 2 64 40 55]

Population: 	220		Generations: 	2200
Shortest path:	116551

Solution: [37 36 58 80 32 128 119 83 97 105 113 35 60 22 81 54 75 2 52 77 71 24 10 15 72 6 18 13 51 8 84 45 127 5 39 70 63 114 11 55 108 115 106 82 17 96 85 94 56 124 28 50 43 57 12 109 64 42 29 0 100 95 23 125 47 59 16 120 112 68 73 79 67 99 86 102 48 88 7 66 1 3 93 49 89 74 111 19 76 107 65 104 123 34 126 78 91 14 33 30 40 20 117 9 92 41 46 21 44 69 4 118 101 98 26 90 87 122 121 61 62 116 38 25 103 31 110 27 53]

Population: 	240		Generations: 	2400
Shortest path:	120665

Solution: [9 23 78 85 41 107 0 88 97 66 116 36 92 94 32 73 31 65 52 5 48 91 121 42 86 55 45 68 53 22 11 19 49 60 113 119 93 122 100 15 67 101 37 63 105 69 81 34 118 123 84 33 14 127 30 72 26 20 82 4 75 6 57 16 108 70 112 38 58 124 13 120 89 3 1 95 102 62 40 18 24 29 8 21 96 103 47 54 2 50 7 115 109 59 76 10 43 87 12 71 79 90 104 106 125 80 126 77 46 117 56 64 98 74 114 128 44 83 110 17 28 111 35 51 61 39 27 99 25]

Population: 	260		Generations: 	2600
Shortest path:	111396

Solution: [45 83 52 116 115 123 68 28 82 117 9 8 100 85 99 77 55 74 127 27 41 101 46 60 71 87 108 31 12 2 19 122 112 49 88 103 70 95 22 110 23 56 125 104 66 25 17 33 113 65 51 75 107 1 42 86 79 14 36 37 120 92 24 10 43 81 54 106 96 38 34 89 20 53 15 35 50 124 76 11 72 48 90 30 93 4 80 91 119 32 121 47 39 21 7 73 67 109 84 105 118 40 102 59 63 98 5 58 0 18 64 94 78 3 114 126 69 97 128 6 57 62 61 13 111 16 29 26 44]

Population: 	40		Generations: 	4000
Shortest path:	65935

Solution: [35 47 70 89 0 71 94 115 93 128 62 66 40 15 6 72 50 58 32 12 86 43 124 106 69 3 61 23 123 33 30 75 84 105 78 80 2 8 38 102 103 127 77 7 49 117 82 112 110 19 95 24 36 56 5 44 97 87 85 96 113 101 46 9 48 18 83 13 119 57 37 67 11 81 121 92 116 88 126 100 107 125 28 25 108 54 122 4 90 1 51 29 55 27 17 64 65 14 114 39 120 98 76 22 73 20 21 10 26 16 63 79 53 91 42 104 52 111 74 99 60 118 59 41 45 109 68 34 31]

Population: 	280		Generations: 	2800
Shortest path:	119285

Solution: [49 16 110 2 70 29 79 37 38 95 88 97 102 8 127 73 59 22 103 128 124 84 19 80 66 7 64 93 30 76 115 34 108 41 83 17 81 125 106 82 68 11 98 48 92 74 121 32 123 33 105 27 119 44 52 10 61 60 56 25 63 39 28 99 62 112 120 107 113 89 26 111 20 45 67 101 54 51 13 91 53 23 78 94 109 100 116 40 77 118 72 31 57 55 104 126 58 6 15 85 50 0 47 96 14 12 43 42 3 9 1 87 90 5 36 24 69 71 21 114 75 86 65 35 4 117 18 46 122]

Population: 	300		Generations: 	3000
Shortest path:	118765

Solution: [1 111 119 127 76 71 92 2 15 37 100 97 60 13 70 21 64 89 96 107 66 28 126 125 47 72 40 65 95 74 12 38 67 73 68 45 88 123 79 22 117 114 115 110 61 26 17 120 108 43 91 30 113 32 24 116 103 54 118 105 99 109 39 80 78 75 59 101 23 29 19 90 25 10 121 27 58 11 53 87 62 20 55 5 50 112 82 46 48 6 77 9 35 41 104 51 0 52 18 57 3 16 84 98 8 69 7 124 44 106 122 4 33 86 102 31 42 94 128 36 56 81 83 14 85 34 49 93 63]

Population: 	320		Generations: 	3200
Shortest path:	119828

Solution: [93 97 65 0 101 67 21 5 28 42 74 52 92 109 128 30 25 103 62 96 2 76 107 123 12 116 79 27 60 89 94 78 49 4 98 100 82 35 48 83 106 14 29 38 69 58 1 125 16 7 121 45 46 6 20 80 126 44 50 127 68 8 114 11 90 75 122 3 59 88 108 31 15 66 40 39 119 111 87 70 9 51 117 36 91 86 57 105 24 22 85 115 43 112 17 63 71 118 95 102 54 81 34 32 64 18 72 99 53 47 104 37 33 61 41 10 120 23 73 26 110 124 56 55 113 13 84 77 19]

Population: 	340		Generations: 	3400
Shortest path:	115672

Solution: [7 30 86 55 8 101 117 96 106 126 16 110 38 10 29 40 39 68 82 104 64 99 23 24 22 47 115 119 113 41 91 70 118 26 107 62 11 2 92 14 81 83 36 37 100 102 54 76 43 56 90 125 49 53 31 72 1 15 18 78 128 103 89 45 35 109 108 80 67 3 122 124 79 94 52 4 60 87 112 51 69 61 59 73 88 58 44 127 57 66 5 121 17 98 95 6 63 111 28 42 13 19 93 116 21 65 46 74 114 84 97 34 75 9 25 85 123 12 32 27 77 0 50 71 20 33 105 120 48]

Population: 	360		Generations: 	3600
Shortest path:	118693

Solution: [121 97 88 99 31 118 112 24 82 18 7 4 12 20 39 119 103 90 2 0 65 14 76 110 117 124 74 60 29 49 91 37 42 17 79 94 40 104 89 71 84 51 19 47 80 50 62 67 77 38 8 128 57 56 108 113 100 85 114 109 3 78 83 81 59 127 48 36 46 69 53 22 73 75 101 11 115 5 111 66 70 68 45 58 32 95 105 30 10 15 28 106 16 25 52 21 96 107 35 23 1 34 33 61 116 13 9 98 120 54 6 92 93 123 64 44 125 87 27 43 86 55 63 122 72 41 102 26 126]

Population: 	380		Generations: 	3800
Shortest path:	120296

Solution: [4 22 81 121 78 7 52 103 42 38 83 36 41 45 65 0 95 120 39 60 92 117 69 53 127 57 16 21 123 89 44 2 80 47 1 35 13 77 31 104 116 85 125 51 9 15 105 48 107 109 88 73 128 56 34 59 64 5 82 28 30 58 70 54 71 33 25 100 46 24 106 97 99 75 102 40 66 29 55 49 68 118 6 12 101 17 93 98 84 91 43 10 72 96 108 112 26 18 86 3 119 113 37 76 50 115 8 32 87 94 20 62 63 67 126 27 19 124 90 74 23 79 14 114 110 122 111 61 11]

Population: 	400		Generations: 	4000
Shortest path:	116027

Solution: [6 105 28 101 52 8 113 87 91 110 35 96 15 121 16 85 41 103 120 115 47 70 58 10 53 20 30 42 44 78 33 26 56 14 55 2 66 40 118 114 127 90 18 62 112 100 37 88 59 25 43 104 65 39 21 1 7 126 64 81 95 60 128 77 69 94 9 116 93 19 34 76 23 27 109 54 51 63 123 29 111 80 45 61 13 86 117 48 84 67 107 125 12 97 73 38 74 49 57 4 92 3 98 119 50 108 75 22 11 79 32 0 5 99 122 83 82 24 106 89 46 71 17 68 36 72 124 31 102]

Population: 	420		Generations: 	4200
Shortest path:	117348

Solution: [121 124 21 79 31 86 26 27 1 123 105 73 107 82 78 9 70 125 5 44 51 109 55 32 92 85 118 94 116 34 23 98 4 99 48 43 58 54 35 19 72 77 47 122 6 39 102 104 93 40 38 37 28 100 13 87 69 10 29 106 95 0 12 14 101 41 24 63 17 53 64 36 50 22 62 103 96 113 61 80 30 91 74 3 25 81 119 52 126 71 56 42 84 76 46 83 88 18 108 16 112 114 57 115 111 7 68 117 65 66 20 45 97 15 127 8 128 89 60 49 33 67 2 90 120 75 11 110 59]

Population: 	60		Generations: 	6000
Shortest path:	66904

Solution: [109 6 4 93 7 77 81 57 80 112 82 106 69 19 27 0 88 108 23 38 24 110 115 12 11 61 14 125 107 62 94 43 73 127 128 96 89 113 114 1 71 48 50 95 90 30 29 98 101 41 3 10 28 25 9 119 78 44 105 2 92 116 100 55 8 45 122 104 91 87 111 52 16 26 18 49 124 65 40 103 51 15 59 126 5 64 53 70 21 123 63 79 33 83 34 32 75 76 37 31 102 46 117 56 36 54 99 85 97 17 58 72 86 13 20 66 42 35 22 47 84 67 74 121 120 68 39 60 118]

Population: 	440		Generations: 	4400
Shortest path:	114609

Solution: [70 17 81 80 13 62 28 103 111 116 4 1 34 96 77 63 105 39 48 90 117 79 33 53 75 108 25 9 66 29 110 35 40 47 106 124 8 121 23 71 12 21 43 120 89 97 45 73 57 37 20 14 67 72 44 46 10 50 88 16 119 92 64 94 49 11 52 122 54 51 0 32 125 126 104 5 30 36 102 24 3 61 55 83 123 68 76 82 113 87 15 19 99 85 60 118 93 128 101 98 109 42 95 41 59 69 18 114 84 26 22 7 38 65 74 56 100 107 86 31 112 91 78 127 115 58 27 2 6]

Population: 	460		Generations: 	4600
Shortest path:	117328

Solution: [32 25 109 5 114 74 85 105 51 18 55 104 53 1 90 101 87 0 57 47 37 100 14 50 11 103 54 106 93 113 49 28 102 31 19 6 21 39 125 24 71 99 33 4 41 56 59 110 108 62 16 65 76 78 111 13 52 60 128 127 91 64 115 94 23 79 58 30 63 2 119 9 61 7 20 68 116 123 120 88 95 17 73 29 45 89 97 44 27 112 98 3 117 107 72 70 35 22 81 15 118 43 121 67 86 42 26 10 84 38 36 69 46 8 83 122 82 75 126 80 48 12 40 34 77 124 66 96 92]

Population: 	480		Generations: 	4800
Shortest path:	113493

Solution: [29 107 82 26 84 27 81 71 76 7 51 65 13 44 9 77 97 61 33 70 47 35 50 48 58 64 63 25 128 106 22 69 17 38 24 59 4 104 23 8 2 78 99 94 112 18 46 45 68 108 41 109 85 100 55 34 102 110 117 127 10 120 114 28 93 49 19 95 87 89 124 1 53 11 3 113 86 5 66 52 83 105 92 15 31 115 40 72 6 20 101 111 122 90 56 43 79 21 121 88 16 39 62 75 98 60 125 37 73 30 91 42 12 118 0 36 96 32 80 103 123 74 116 54 67 119 57 14 126]

Population: 	500		Generations: 	5000
Shortest path:	115462

Solution: [75 125 65 26 28 99 114 31 108 79 78 127 7 101 61 121 58 48 49 40 67 52 44 95 0 115 100 86 8 110 13 38 60 12 72 74 71 113 119 19 45 18 20 84 27 3 25 82 34 41 92 32 73 68 107 23 17 122 63 46 16 57 53 123 14 69 112 5 109 29 51 50 42 66 10 91 9 37 4 56 126 89 55 81 24 2 90 103 35 105 98 104 116 88 80 43 117 47 11 120 33 83 118 22 128 21 36 39 111 124 76 6 15 93 30 102 94 96 85 97 70 87 54 59 64 1 62 106 77]

Population: 	520		Generations: 	5200
Shortest path:	115940

Solution: [22 30 5 25 63 10 37 29 95 83 69 121 102 28 86 53 71 40 15 8 21 100 48 47 82 101 72 41 70 18 56 19 87 50 58 36 112 17 46 122 117 92 85 9 45 59 116 88 128 124 110 118 60 7 3 113 80 38 77 20 24 65 125 34 61 119 27 55 39 81 109 31 103 32 49 13 91 108 66 52 97 111 84 11 90 106 78 120 123 26 127 99 62 67 16 44 115 33 126 98 93 104 79 68 96 89 14 0 64 2 35 76 74 105 4 23 75 12 42 1 6 57 51 94 114 54 43 107 73]

Population: 	540		Generations: 	5400
Shortest path:	111458

Solution: [2 4 114 64 44 73 37 9 32 12 11 27 96 125 0 93 117 94 62 26 84 77 53 106 24 105 42 55 113 46 127 111 107 72 6 71 89 126 5 98 100 54 112 99 122 48 61 33 60 34 85 7 40 47 63 115 109 39 119 52 1 87 36 56 57 10 81 35 23 75 78 50 90 118 14 45 76 121 31 80 66 102 79 70 69 68 20 15 21 65 92 13 128 16 116 38 30 22 110 25 17 91 82 43 8 86 95 104 3 28 41 58 123 29 19 18 83 101 103 49 124 74 97 51 108 88 59 67 120]

Population: 	560		Generations: 	5600
Shortest path:	117211

Solution: [79 28 106 24 69 128 92 127 9 16 57 12 8 34 115 86 113 65 125 62 43 105 89 35 14 21 19 104 78 38 112 98 101 109 93 42 103 26 75 91 108 107 71 122 87 13 110 5 1 49 53 94 18 84 114 48 7 11 58 73 64 59 60 10 116 85 51 54 123 33 80 55 95 119 63 31 47 72 39 52 121 82 83 97 30 120 61 56 0 68 100 4 66 96 2 90 3 124 23 27 22 29 37 77 6 70 88 45 41 118 17 50 117 32 126 111 40 46 25 81 74 99 15 76 67 20 102 44 36]

Population: 	580		Generations: 	5800
Shortest path:	113814

Solution: [35 123 26 2 65 52 66 113 106 116 24 36 3 67 41 5 86 54 29 44 59 17 69 87 7 101 114 13 92 1 77 20 18 112 49 51 23 38 71 90 95 56 30 45 104 72 57 122 76 126 43 98 8 80 81 75 31 110 117 105 21 47 115 37 0 103 83 70 97 32 58 12 109 85 78 53 118 111 84 100 68 94 89 88 127 121 63 125 11 61 124 96 9 55 39 6 42 10 40 73 16 34 46 22 60 62 28 48 4 74 120 14 27 64 128 107 82 91 108 33 15 79 102 50 19 119 99 93 25]

Population: 	80		Generations: 	8000
Shortest path:	65580

Solution: [94 21 0 73 59 128 89 3 10 56 95 80 5 11 53 127 7 1 75 78 44 109 103 111 87 68 65 30 8 110 50 66 40 18 26 36 104 120 14 106 93 126 100 98 112 82 101 32 52 16 47 70 27 15 20 96 85 88 116 108 77 81 55 31 84 107 125 92 121 76 22 24 13 62 118 90 4 122 63 57 37 119 113 6 79 69 48 61 23 2 19 25 17 114 33 49 41 35 97 71 46 117 45 9 28 60 99 64 38 115 42 86 72 39 102 29 43 54 58 12 123 83 105 67 34 51 74 124 91]

Population: 	600		Generations: 	6000
Shortest path:	115498

Solution: [17 45 57 49 82 35 125 81 31 58 110 76 34 0 5 38 75 103 98 122 14 92 128 44 56 43 40 16 67 115 39 50 65 117 11 2 70 89 121 87 80 48 88 20 18 64 127 85 4 66 79 62 32 25 95 112 30 108 91 74 53 105 28 104 123 83 101 22 54 96 97 113 124 37 42 27 109 94 52 126 111 60 72 33 15 73 29 12 86 78 59 63 93 116 55 102 36 23 46 71 100 120 10 26 114 13 106 84 1 119 61 77 6 7 99 21 19 107 69 68 41 90 118 51 8 24 47 3 9]

Population: 	620		Generations: 	6200
Shortest path:	114642

Solution: [30 34 12 6 38 3 108 59 116 60 17 32 75 104 90 87 25 68 4 127 106 117 37 11 7 79 85 111 95 36 39 15 24 67 61 52 19 125 14 63 86 8 51 16 94 42 69 120 115 91 70 57 81 128 78 18 45 77 28 55 9 41 118 93 126 82 0 56 35 5 97 119 109 43 73 112 21 123 105 101 98 46 103 54 110 76 40 20 121 47 22 124 89 92 48 113 102 74 88 58 49 53 84 122 1 31 80 71 26 13 50 66 65 44 96 10 29 100 23 99 107 27 62 83 114 33 72 64 2]

Population: 	640		Generations: 	6400
Shortest path:	111711

Solution: [17 37 98 123 1 105 89 32 71 3 40 43 12 96 116 88 108 25 52 109 93 115 110 55 28 104 39 29 54 58 46 95 114 9 73 68 122 49 23 77 19 67 18 56 20 41 101 0 11 112 124 117 92 2 64 69 33 72 8 121 7 126 6 86 113 51 94 21 90 50 118 57 13 103 82 31 79 91 63 83 99 87 111 119 107 26 36 70 14 27 15 4 35 74 65 102 42 66 10 24 30 85 45 97 76 128 48 61 59 60 5 34 22 38 106 53 16 80 84 75 78 100 120 62 47 127 44 125 81]

Population: 	660		Generations: 	6600
Shortest path:	116746

Solution: [44 108 76 89 100 80 58 20 117 110 82 40 94 119 92 18 123 33 65 67 47 14 77 36 37 49 6 7 31 23 62 105 74 59 64 43 50 45 61 41 69 17 21 25 15 22 10 86 63 1 9 28 84 38 98 111 8 102 26 71 19 87 0 51 90 46 106 107 128 56 88 103 78 83 13 70 2 97 81 53 120 16 52 104 73 60 5 11 12 34 32 4 75 109 99 72 39 68 101 124 121 118 112 96 48 57 55 42 35 114 127 66 116 91 29 54 95 30 79 27 115 113 93 24 126 3 122 125 85]

Population: 	680		Generations: 	6800
Shortest path:	117282

Solution: [97 1 111 85 116 9 109 46 114 10 3 113 68 28 39 117 23 66 105 118 55 88 119 61 94 107 35 90 58 63 17 104 89 84 30 4 101 112 11 49 125 81 54 93 75 7 115 110 92 53 57 102 45 19 33 79 6 20 34 76 14 26 40 128 108 95 18 64 25 38 51 52 65 77 47 99 59 43 32 48 83 41 86 44 72 67 42 122 78 127 60 62 82 74 2 96 5 120 91 29 103 121 106 16 15 56 36 123 21 24 22 70 0 50 69 71 100 37 80 31 126 124 73 8 98 12 87 27 13]

Population: 	700		Generations: 	7000
Shortest path:	113836

Solution: [125 51 54 66 35 47 75 24 68 12 122 115 43 86 118 112 62 29 30 73 114 38 126 3 15 59 25 26 89 17 106 105 92 33 46 113 7 116 110 70 8 121 20 56 103 76 41 64 120 49 13 65 37 36 45 39 5 77 1 111 109 44 123 16 79 23 127 4 42 9 61 80 117 14 21 34 84 31 81 96 0 52 104 82 69 97 88 28 108 57 63 124 93 95 19 67 101 94 87 32 10 85 22 71 2 27 53 40 18 48 55 107 6 58 90 91 78 60 98 100 128 102 119 72 99 50 83 11 74]

Population: 	720		Generations: 	7200
Shortest path:	114363

Solution: [81 16 63 54 19 98 89 29 95 50 27 21 125 126 114 14 11 15 86 102 87 90 105 72 7 23 79 128 82 115 60 83 77 31 18 30 36 1 24 38 111 13 20 48 100 106 124 55 120 113 45 64 41 74 6 43 51 8 119 92 97 70 10 96 123 44 9 78 91 17 110 99 69 22 62 12 80 76 56 84 94 88 59 73 104 42 37 58 93 109 57 66 0 47 4 34 121 127 71 112 85 25 103 39 61 33 108 32 52 116 49 28 65 68 117 2 26 35 67 46 40 101 122 5 75 107 3 118 53]

Population: 	740		Generations: 	7400
Shortest path:	118348

Solution: [78 33 93 90 95 32 49 8 110 46 126 88 111 31 34 5 119 44 80 12 11 84 60 123 54 120 75 2 92 117 65 29 97 112 98 35 37 53 70 14 122 101 0 68 39 82 43 100 3 125 17 22 76 21 41 56 20 57 18 124 16 91 47 79 36 83 13 59 30 103 28 69 81 72 6 4 67 24 45 1 118 73 77 87 109 58 108 38 99 86 42 106 40 15 27 26 19 25 9 51 74 121 52 116 7 64 94 62 71 10 128 113 85 114 127 50 115 105 104 107 96 66 89 102 48 61 63 55 23]

Population: 	760		Generations: 	7600
Shortest path:	116842

Solution: [6 38 13 65 33 120 93 128 84 107 76 101 82 74 43 58 23 97 112 113 21 35 122 126 119 92 60 75 94 31 83 29 88 57 77 11 49 37 123 89 100 90 47 50 110 22 81 3 34 30 104 116 111 4 26 16 121 115 68 45 44 108 124 71 80 19 95 52 32 25 114 62 109 78 106 96 85 91 54 102 24 70 18 39 10 17 28 12 36 40 20 46 118 125 48 79 15 56 67 9 14 66 61 69 42 87 1 51 41 5 53 72 59 2 105 7 98 8 0 103 86 64 27 63 55 73 117 99 127]

Population: 	780		Generations: 	7800
Shortest path:	116461

Solution: [44 16 15 87 12 123 30 83 18 105 2 101 99 103 48 20 77 28 55 60 39 117 122 106 82 31 113 10 19 23 78 120 4 54 66 29 8 116 84 63 104 51 72 42 64 94 91 85 111 59 89 26 74 114 27 79 32 125 65 53 17 110 127 107 56 50 92 119 80 45 109 40 7 97 102 98 126 14 86 71 118 38 76 25 5 24 75 0 6 70 112 1 81 57 33 49 93 121 43 124 13 34 41 36 73 61 3 128 9 58 11 37 67 115 95 35 62 100 47 90 88 108 69 68 46 22 52 96 21]

Population: 	100		Generations: 	10000
Shortest path:	66063

Solution: [106 47 19 124 101 67 6 121 81 103 54 118 57 48 43 52 32 37 9 77 108 116 90 127 60 14 125 85 25 28 55 31 75 78 128 88 0 93 33 113 96 36 50 110 24 2 49 18 122 61 119 92 3 89 97 38 112 16 7 23 79 12 123 63 39 68 65 114 51 40 115 84 120 117 94 71 56 105 95 80 17 53 104 76 35 26 10 83 82 70 27 42 66 8 30 107 102 126 100 86 11 74 111 4 69 21 72 64 59 91 29 45 20 15 5 41 73 99 98 87 1 62 109 46 34 22 58 13 44]

Population: 	800		Generations: 	8000
Shortest path:	114957

Solution: [103 72 101 122 18 114 42 77 97 75 47 49 94 55 5 9 126 60 67 82 109 76 14 29 15 61 33 48 128 28 69 62 115 58 73 45 106 107 74 88 66 1 16 7 59 127 17 113 46 23 104 10 11 52 65 51 54 81 44 87 57 123 84 124 19 110 118 125 37 96 80 8 2 90 95 98 12 32 40 50 39 93 119 27 13 25 70 35 120 63 26 99 3 78 85 6 117 56 43 71 22 89 79 20 4 105 92 100 86 53 68 0 34 83 36 116 91 21 121 112 102 31 111 41 64 24 30 108 38]

Population: 	820		Generations: 	8200
Shortest path:	115260

Solution: [66 108 126 120 23 86 35 65 59 109 99 84 28 123 15 33 44 41 34 9 57 53 30 58 88 63 62 64 19 80 98 100 24 22 74 75 83 67 119 118 91 76 68 49 111 50 20 69 96 107 46 13 114 82 70 95 40 51 7 73 21 25 127 89 11 52 113 104 26 125 36 48 56 3 6 85 101 71 92 32 87 128 43 97 81 45 8 2 122 106 79 18 78 103 105 77 1 102 39 110 5 12 4 60 55 72 31 112 29 94 17 42 27 124 93 121 90 16 117 14 47 115 54 116 38 37 0 61 10]

Population: 	840		Generations: 	8400
Shortest path:	113928

Solution: [86 72 21 34 75 52 2 82 17 50 66 25 20 35 105 93 12 128 96 97 54 11 27 40 108 38 59 113 101 78 117 36 9 37 125 65 53 109 14 56 127 68 84 122 16 89 70 7 57 47 80 48 15 110 85 69 119 106 107 0 90 46 5 30 1 83 79 29 18 94 102 24 114 126 81 73 95 58 49 44 13 123 26 100 55 120 6 22 8 98 4 41 64 33 104 63 115 92 62 42 32 91 116 45 23 31 43 51 61 67 103 87 112 10 88 28 71 19 111 76 39 74 99 77 3 60 121 124 118]

Population: 	860		Generations: 	8600
Shortest path:	115310

Solution: [115 114 42 116 28 60 89 6 93 94 55 124 49 2 95 68 70 56 96 52 103 21 46 107 32 92 110 118 79 126 76 43 8 48 53 71 66 77 11 44 121 63 122 57 3 10 47 62 109 41 19 127 102 25 5 117 91 39 74 86 113 128 54 99 23 108 18 64 38 78 30 75 73 125 37 123 35 26 14 17 120 104 1 27 58 72 33 83 81 112 22 67 36 31 84 7 59 69 50 90 100 97 45 85 105 80 12 4 87 82 40 9 24 34 15 51 119 111 101 106 98 16 88 20 61 29 13 65 0]

Population: 	880		Generations: 	8800
Shortest path:	114132

Solution: [61 29 103 94 38 47 57 24 17 14 74 8 101 2 115 97 113 86 88 39 51 41 112 67 62 52 28 78 75 119 54 35 90 58 109 79 104 71 89 120 73 13 105 118 40 4 43 84 99 27 22 76 6 111 127 45 7 98 1 44 81 107 85 16 82 122 50 30 72 93 37 42 108 116 106 60 65 100 66 20 10 9 25 121 55 83 26 12 123 48 128 64 0 21 49 53 33 117 114 69 63 124 125 23 91 102 59 15 92 5 96 56 18 80 34 70 77 31 32 36 95 46 3 11 19 87 110 68 126]

Population: 	900		Generations: 	9000
Shortest path:	112900

Solution: [92 91 53 11 81 88 74 4 82 119 106 78 115 114 85 52 104 102 7 48 28 42 12 128 60 73 15 33 56 125 96 51 25 75 111 47 31 37 62 68 38 86 117 49 19 21 118 71 112 34 77 10 26 16 79 58 57 107 20 126 64 32 24 41 103 67 63 6 121 27 17 110 50 99 55 18 80 120 59 113 46 97 45 65 43 35 76 70 89 1 124 72 101 83 61 13 14 69 36 123 90 30 93 116 94 39 44 2 3 9 40 66 5 122 54 84 95 98 109 87 0 29 105 108 23 127 8 22 100]

Population: 	920		Generations: 	9200
Shortest path:	117788

Solution: [30 3 24 8 13 124 59 126 70 93 20 123 117 28 121 102 38 71 80 97 56 118 55 100 68 77 18 65 66 50 83 44 60 11 5 0 14 81 53 104 57 86 113 61 114 42 48 78 23 1 111 4 2 90 103 62 37 49 41 76 46 34 40 31 125 32 6 99 69 127 84 105 39 115 63 43 82 101 52 119 74 25 16 92 120 94 58 112 9 95 128 17 15 33 88 108 35 116 109 107 45 12 122 87 47 22 106 75 27 79 85 73 96 67 72 36 89 29 110 21 98 19 54 91 7 64 51 26 10]

Population: 	120		Generations: 	12000
Shortest path:	71041

Solution: [43 63 36 57 105 34 108 54 51 47 31 111 85 127 100 128 121 8 38 73 30 90 0 88 126 62 82 28 25 103 113 119 92 52 9 40 72 39 70 112 68 65 16 66 71 49 93 2 56 14 50 18 116 78 23 11 5 4 76 35 60 55 20 114 125 37 124 45 41 86 89 104 123 10 81 77 83 101 98 106 24 75 32 26 94 21 91 44 115 53 79 120 67 27 84 107 42 17 12 29 15 3 96 117 46 102 7 1 80 33 61 13 118 59 109 48 69 122 6 87 97 99 64 58 74 19 110 22 95]

Population: 	940		Generations: 	9400
Shortest path:	110103

Solution: [45 104 32 67 39 83 11 57 63 47 108 23 56 6 12 114 43 71 10 66 62 126 34 112 7 107 36 0 88 123 89 20 121 69 106 75 15 37 100 17 65 119 2 79 124 55 5 51 28 98 4 44 105 84 31 80 101 52 85 125 122 73 40 26 21 19 1 49 96 127 58 97 30 24 82 8 110 103 22 74 115 116 90 95 102 93 99 68 13 54 38 111 70 16 61 42 14 118 72 33 48 3 81 25 117 86 41 59 76 35 27 87 78 9 77 60 53 94 64 29 109 113 46 18 50 120 128 92 91]

Population: 	960		Generations: 	9600
Shortest path:	115534

Solution: [72 117 26 25 100 2 92 46 103 33 113 65 102 86 66 109 54 119 69 21 14 15 30 75 39 108 10 52 58 60 29 49 124 41 45 37 16 23 50 82 51 79 77 32 19 84 6 81 87 62 78 9 115 31 105 5 68 57 42 112 99 122 94 114 13 34 3 11 107 64 27 127 71 36 24 17 125 56 80 48 40 59 70 43 63 1 47 111 116 110 76 22 53 20 18 67 91 85 96 73 104 123 106 35 121 61 74 83 101 7 98 12 55 28 120 95 4 128 8 89 97 118 90 126 44 88 0 38 93]

Population: 	980		Generations: 	9800
Shortest path:	115411

Solution: [55 100 108 50 3 2 88 114 53 23 70 6 124 87 89 94 99 79 121 25 67 84 10 12 98 122 46 95 18 76 60 97 15 101 54 115 92 91 26 111 29 107 113 39 16 77 34 27 83 71 66 127 8 112 20 75 21 36 65 82 14 125 118 96 22 73 31 61 48 119 110 117 105 81 72 40 47 106 69 41 33 93 28 102 30 24 52 104 19 126 85 74 116 17 128 62 109 103 56 64 44 42 63 4 11 86 5 1 43 51 13 68 120 0 57 58 123 9 78 49 37 38 7 35 59 90 80 32 45]

Population: 	20		Generations: 	20000
Shortest path:	63961

Solution: [25 81 65 125 32 10 37 45 70 79 78 59 114 96 128 27 49 93 119 63 113 57 51 54 82 28 99 48 17 14 53 124 43 75 102 15 20 58 50 90 117 126 84 22 73 7 1 98 105 100 122 95 80 9 8 30 33 55 18 26 123 104 38 103 52 83 67 42 107 85 41 118 87 97 89 86 47 19 110 111 4 92 120 56 36 72 23 108 77 0 88 2 61 60 29 66 40 3 34 13 21 16 31 46 116 112 12 71 6 109 101 11 76 121 35 91 39 74 5 115 44 69 64 94 62 127 68 106 24]

Population: 	140		Generations: 	14000
Shortest path:	70852

Solution: [124 89 20 35 26 42 56 122 4 13 83 105 43 52 32 76 22 96 118 91 19 59 126 100 102 53 93 107 1 87 128 73 12 14 125 31 80 17 48 92 3 27 37 123 33 104 34 58 50 115 94 21 99 60 75 84 114 109 25 82 29 5 41 10 121 24 106 85 70 47 23 78 79 66 18 28 88 0 90 71 9 77 108 95 97 46 45 39 68 112 44 64 65 117 51 103 8 30 72 86 127 6 67 15 113 49 74 11 57 119 55 120 40 7 98 38 2 116 110 111 63 62 16 69 81 54 36 61 101]

Population: 	160		Generations: 	16000
Shortest path:	70671

Solution: [103 66 10 98 38 58 121 77 112 36 99 26 125 85 111 101 116 88 126 28 63 5 109 59 127 115 84 18 46 82 107 4 92 117 20 94 128 124 89 3 75 1 60 29 56 102 81 16 110 24 106 90 30 33 83 78 49 22 73 2 35 41 80 96 7 15 9 37 123 12 71 86 100 51 64 52 11 21 93 0 95 65 14 17 45 32 108 55 91 31 70 97 87 43 79 69 47 57 44 120 74 105 76 8 40 113 104 62 19 122 53 6 13 114 39 68 50 118 54 67 42 72 25 61 23 48 27 34 119]

Population: 	180		Generations: 	18000
Shortest path:	71833

Solution: [46 34 74 5 93 7 63 112 98 12 123 37 125 23 11 54 25 15 35 45 8 80 77 62 17 53 61 73 30 14 122 51 108 44 128 100 109 103 70 89 96 127 9 78 91 90 0 88 28 42 72 66 10 47 19 27 3 24 4 65 59 97 87 79 33 55 71 48 76 68 110 50 75 1 92 119 2 124 113 107 115 69 21 64 26 18 99 16 31 84 41 82 36 104 86 57 106 85 67 83 105 95 117 94 43 52 111 29 56 20 121 102 101 32 49 22 38 6 118 81 116 126 114 13 40 120 58 60 39]

Population: 	200		Generations: 	20000
Shortest path:	70601

Solution: [105 93 128 85 56 64 16 65 63 50 68 87 109 62 17 53 47 115 88 108 100 106 60 38 97 80 126 78 75 86 91 29 89 124 113 46 107 84 67 45 8 15 101 98 10 123 33 61 30 1 22 110 21 5 119 92 3 11 74 94 18 49 37 0 95 19 114 13 25 81 54 69 48 58 73 24 102 28 71 127 59 112 118 90 4 6 121 34 125 39 117 76 43 41 32 77 55 51 2 26 7 35 23 104 99 72 42 36 96 83 122 116 9 70 82 31 40 111 103 27 14 12 79 52 20 120 44 66 57]

Population: 	220		Generations: 	22000
Shortest path:	72258

Solution: [26 61 44 29 89 3 96 127 71 65 13 121 28 10 36 32 57 6 69 77 34 123 83 56 14 54 66 38 79 12 11 42 128 87 113 105 21 72 33 99 120 40 59 64 98 9 78 84 107 82 95 19 47 63 119 91 97 60 22 23 92 117 74 53 115 45 94 62 39 125 85 122 25 93 5 111 4 90 116 88 2 68 49 48 46 30 8 75 24 106 58 1 50 20 114 73 43 86 35 70 110 16 81 102 52 104 41 109 100 51 112 118 126 80 15 7 101 124 37 31 108 55 18 0 103 27 17 67 76]

Population: 	240		Generations: 	24000
Shortest path:	68048

Solution: [40 4 90 71 49 127 99 118 35 36 116 85 66 28 55 17 14 50 68 70 89 97 38 24 121 6 126 102 108 88 0 32 58 52 128 87 111 110 13 83 101 98 112 39 62 120 114 96 59 73 22 106 125 31 84 7 2 19 100 107 113 86 54 64 117 104 20 21 72 29 45 41 51 8 82 75 12 11 37 119 57 48 46 77 81 95 65 44 109 9 78 23 30 5 42 103 33 53 92 1 123 63 47 105 67 18 69 56 43 79 93 115 10 60 74 124 3 27 26 16 91 122 94 80 25 15 61 76 34]

Population: 	260		Generations: 	26000
Shortest path:	72142

Solution: [5 93 33 45 58 41 91 54 36 28 88 108 120 77 44 23 13 100 51 46 107 110 19 126 56 81 22 24 123 68 87 97 89 124 53 17 114 69 82 62 119 86 122 16 26 125 39 106 80 92 117 96 6 103 38 104 83 59 40 31 84 67 64 3 73 34 32 10 102 128 57 116 8 21 105 113 101 61 109 85 25 71 72 115 7 75 18 55 14 79 78 60 76 43 98 9 47 49 12 4 48 50 11 27 1 112 52 35 118 90 30 121 127 70 37 29 111 65 95 0 15 20 66 94 63 74 42 2 99]

Population: 	40		Generations: 	40000
Shortest path:	47183

Solution: [78 128 75 60 61 33 114 43 65 26 125 14 45 70 97 39 72 74 29 15 37 21 94 36 112 69 53 44 49 27 19 13 63 35 76 22 101 67 126 34 40 59 127 121 24 82 73 42 64 12 123 83 105 92 3 96 106 58 48 23 115 5 9 46 117 1 124 16 52 79 51 54 25 85 109 57 122 38 103 91 89 113 107 102 104 32 71 86 41 10 11 110 20 120 98 8 95 81 77 6 93 7 50 68 87 111 4 90 2 56 47 31 55 28 100 0 119 62 66 18 99 84 30 17 80 118 108 88 116]

Population: 	280		Generations: 	28000
Shortest path:	70698

Solution: [81 65 24 106 102 3 56 118 60 78 82 8 121 6 15 67 17 79 20 42 114 41 86 109 108 23 19 110 50 11 37 10 75 52 27 26 25 9 93 115 90 91 49 2 92 122 105 95 59 128 31 84 30 40 72 7 98 101 32 97 87 68 70 48 62 66 80 35 125 39 28 77 127 96 117 13 85 99 54 36 5 119 55 120 74 104 1 89 29 14 33 61 4 107 113 57 63 123 12 44 111 100 94 64 51 18 88 126 46 58 34 16 112 43 73 38 22 71 69 47 83 45 76 53 116 0 21 124 103]

Population: 	300		Generations: 	30000
Shortest path:	74235

Solution: [0 88 103 90 91 123 32 52 116 78 23 79 42 86 108 44 29 37 25 21 87 102 39 125 31 1 9 126 69 16 81 57 27 26 107 111 85 109 7 98 101 61 13 62 17 22 20 34 73 43 104 82 83 119 127 65 54 72 64 12 51 2 75 14 122 100 55 18 11 77 15 121 8 106 47 92 48 71 97 35 76 40 24 19 110 115 117 96 41 28 68 84 99 4 93 33 53 63 124 113 89 94 128 112 38 118 70 49 120 95 50 74 59 36 56 66 67 114 5 105 80 6 60 10 3 30 58 45 46]

Population: 	320		Generations: 	32000
Shortest path:	71878

Solution: [38 6 122 82 25 28 88 126 62 59 73 104 34 125 106 68 50 99 108 45 21 72 101 32 123 12 80 17 15 2 92 3 27 102 95 65 111 85 117 47 19 76 63 4 75 1 118 53 7 11 110 71 86 24 22 30 90 0 70 55 31 94 127 96 56 18 26 14 100 109 93 114 64 58 46 8 98 112 16 128 113 119 120 52 74 105 77 13 51 29 89 124 61 33 103 79 78 44 67 37 10 39 60 35 81 43 36 84 48 57 116 54 41 69 20 83 107 42 121 87 9 115 23 91 5 97 49 40 66]

Population: 	340		Generations: 	34000
Shortest path:	70665

Solution: [30 84 99 113 119 95 80 94 64 33 46 87 111 31 115 93 120 68 50 51 96 23 27 34 48 57 3 6 122 100 37 29 89 116 78 91 44 49 1 109 43 32 123 42 40 73 97 17 81 11 9 47 118 61 77 72 108 65 8 38 5 39 88 2 58 12 36 63 53 124 19 59 70 45 21 22 71 0 75 83 13 15 14 114 92 128 110 24 102 79 104 55 28 125 106 26 18 62 82 41 86 117 74 10 126 20 54 66 103 127 101 98 107 35 52 67 76 121 85 25 112 16 90 4 56 105 7 69 60]

Population: 	360		Generations: 	36000
Shortest path:	71860

Solution: [27 48 33 79 112 98 7 126 100 127 6 12 58 49 78 44 88 59 97 17 23 38 60 32 125 96 117 9 8 21 110 20 118 108 91 90 50 64 14 61 46 24 80 81 95 111 4 77 121 31 18 0 43 87 55 40 114 72 39 128 113 93 119 83 105 74 104 62 120 85 86 71 57 15 37 123 63 115 92 3 89 29 107 26 106 82 5 69 122 116 94 102 53 41 51 103 52 16 124 76 19 67 75 84 1 11 13 34 73 56 2 66 54 35 45 25 109 101 22 10 36 65 68 70 47 42 28 30 99]

Population: 	380		Generations: 	38000
Shortest path:	73867

Solution: [115 93 53 84 18 121 6 92 3 12 4 90 128 9 5 38 8 80 59 40 76 37 125 106 98 118 14 81 28 87 43 126 114 17 58 50 20 22 110 19 65 2 107 119 88 116 70 68 112 16 47 86 7 71 41 97 35 105 64 122 52 44 109 108 78 99 74 123 63 127 111 31 102 94 23 85 113 124 101 82 120 89 29 66 72 34 73 21 57 48 56 95 54 55 100 61 103 33 79 42 117 13 62 67 96 10 36 15 77 11 24 69 46 30 39 104 26 0 1 25 60 32 75 45 51 83 91 27 49]

Population: 	60		Generations: 	60000
Shortest path:	38150

Solution: [106 125 128 78 23 108 109 62 66 39 60 13 114 126 80 57 51 29 95 56 20 53 61 33 123 63 25 103 54 118 4 104 52 120 10 36 32 92 3 7 93 0 88 116 9 37 21 91 79 71 90 30 59 74 11 22 69 8 38 122 6 12 58 48 18 55 31 1 75 77 81 19 45 44 5 98 112 16 85 111 127 65 68 70 89 97 102 41 86 107 72 101 46 76 40 121 24 82 73 34 100 105 35 83 119 99 84 27 87 113 124 117 96 15 67 42 28 49 2 64 14 26 17 110 50 115 47 43 94]

Population: 	400		Generations: 	40000
Shortest path:	71180

Solution: [20 54 51 98 8 128 74 0 27 26 4 70 68 39 41 82 109 87 118 66 52 16 110 50 7 49 78 80 106 125 14 120 89 29 100 113 104 1 117 45 85 97 5 93 105 99 28 42 75 43 63 59 69 17 114 127 126 77 65 55 31 73 56 96 44 81 121 92 116 88 2 90 71 22 101 122 38 53 115 84 10 86 61 33 72 103 35 18 40 124 62 79 112 11 37 64 48 58 46 13 119 76 12 123 32 34 47 23 108 107 6 94 95 111 19 36 83 15 3 67 24 60 30 21 25 102 91 9 57]

Population: 	420		Generations: 	42000
Shortest path:	73351

Solution: [120 112 98 12 123 29 89 104 36 99 86 128 76 43 63 71 69 17 53 33 75 60 106 125 34 121 92 13 100 18 83 22 20 66 2 8 41 27 26 97 54 119 7 84 107 85 25 15 79 9 77 47 115 80 4 45 68 91 19 72 108 23 78 59 40 31 111 62 39 21 95 93 90 30 46 101 122 14 50 52 32 116 55 28 5 10 51 57 16 124 113 87 0 49 44 6 126 88 1 81 73 82 96 56 117 94 64 38 114 65 37 105 110 127 61 24 102 11 74 3 118 48 70 35 103 109 42 67 58]

Population: 	440		Generations: 	44000
Shortest path:	69537

Solution: [40 83 58 48 5 93 126 7 22 95 44 69 79 116 34 112 68 65 16 124 111 87 115 128 121 76 3 92 117 122 14 119 88 0 12 123 63 36 54 39 125 106 96 21 19 71 46 41 75 78 91 102 77 67 18 15 2 90 4 101 82 29 89 127 27 26 10 37 23 50 11 86 43 104 66 85 80 105 35 32 73 59 120 70 97 38 98 8 9 55 108 25 28 100 52 64 118 113 60 107 72 33 61 45 20 110 24 51 57 81 94 47 109 99 84 30 103 62 17 31 56 13 42 6 53 1 114 74 49]

Population: 	460		Generations: 	46000
Shortest path:	74057

Solution: [111 38 78 44 0 90 71 22 81 14 45 28 77 64 86 54 31 79 98 101 128 123 12 58 42 67 100 13 68 70 97 87 27 19 110 119 92 116 34 95 65 80 5 93 102 18 66 82 103 127 114 17 63 11 61 49 21 91 41 76 6 37 105 89 3 96 8 60 108 50 122 88 85 109 113 126 74 56 2 26 20 94 62 83 99 84 32 36 24 7 9 4 69 106 118 52 16 55 51 35 120 112 53 33 15 29 121 124 117 115 23 10 47 25 43 73 40 46 59 75 30 104 57 48 39 125 1 107 72]

Population: 	480		Generations: 	48000
Shortest path:	73126

Solution: [82 18 20 65 125 106 26 36 96 64 84 43 88 0 14 17 80 59 102 44 78 75 2 19 45 33 99 23 108 13 68 39 61 69 58 98 126 89 127 86 12 42 79 94 128 114 62 109 53 9 11 110 91 103 71 3 93 4 113 107 46 76 83 5 38 8 123 54 124 66 28 50 7 60 32 1 95 56 49 117 92 48 27 122 6 85 118 47 41 74 120 70 40 67 21 72 101 22 100 87 111 29 37 31 57 116 90 30 51 16 112 25 81 77 52 35 63 55 34 73 119 121 24 10 15 97 104 115 105]

Population: 	500		Generations: 	50000
Shortest path:	73092

Solution: [117 14 12 123 84 99 124 8 22 122 19 57 108 88 0 47 53 17 58 54 67 50 100 105 49 1 27 21 37 9 2 78 44 64 55 82 73 34 125 106 24 48 92 119 72 15 29 89 97 87 111 31 81 35 77 23 98 38 104 26 91 90 128 75 3 93 4 101 83 107 36 10 127 71 33 79 46 126 110 115 116 59 74 11 63 6 113 85 45 32 121 5 30 41 118 114 120 61 60 66 96 7 40 112 20 51 16 103 95 18 102 69 56 65 13 52 80 94 62 109 39 68 70 28 42 25 76 43 86]

